0	-0.00011377
2.01046e-14	-0.00011453
4.02092e-14	-0.000115292
6.03138e-14	-0.000116056
8.04184e-14	-0.000116822
1.00523e-13	-0.000117591
1.20628e-13	-0.000118361
1.40732e-13	-0.000119134
1.60837e-13	-0.000119908
1.80941e-13	-0.000120684
2.01046e-13	-0.000121463
2.21151e-13	-0.000122243
2.41255e-13	-0.000123025
2.6136e-13	-0.000123808
2.81464e-13	-0.000124594
3.01569e-13	-0.000125381
3.21674e-13	-0.000126169
3.41778e-13	-0.00012696
3.61883e-13	-0.000127752
3.81988e-13	-0.000128545
4.02092e-13	-0.00012934
4.22197e-13	-0.000130136
4.42301e-13	-0.000130934
4.62406e-13	-0.000131733
4.82511e-13	-0.000132533
5.02615e-13	-0.000133334
5.2272e-13	-0.000134137
5.42824e-13	-0.000134941
5.62929e-13	-0.000135746
5.83034e-13	-0.000136551
6.03138e-13	-0.000137358
6.23243e-13	-0.000138166
6.43347e-13	-0.000138974
6.63452e-13	-0.000139784
6.83557e-13	-0.000140594
7.03661e-13	-0.000141405
7.23766e-13	-0.000142216
7.4387e-13	-0.000143028
7.63975e-13	-0.00014384
7.8408e-13	-0.000144653
8.04184e-13	-0.000145466
8.24289e-13	-0.00014628
8.44393e-13	-0.000147093
8.64498e-13	-0.000147907
8.84603e-13	-0.000148721
9.04707e-13	-0.000149535
9.24812e-13	-0.000150349
9.44916e-13	-0.000151163
9.65021e-13	-0.000151977
9.85126e-13	-0.00015279
1.00523e-12	-0.000153603
1.02533e-12	-0.000154416
1.04544e-12	-0.000155228
1.06554e-12	-0.000156039
1.08565e-12	-0.00015685
1.10575e-12	-0.00015766
1.12586e-12	-0.00015847
1.14596e-12	-0.000159278
1.16607e-12	-0.000160086
1.18617e-12	-0.000160892
1.20628e-12	-0.000161698
1.22638e-12	-0.000162502
1.24649e-12	-0.000163304
1.26659e-12	-0.000164106
1.28669e-12	-0.000164906
1.3068e-12	-0.000165704
1.3269e-12	-0.0001665
1.34701e-12	-0.000167295
1.36711e-12	-0.000168088
1.38722e-12	-0.000168879
1.40732e-12	-0.000169668
1.42743e-12	-0.000170454
1.44753e-12	-0.000171239
1.46764e-12	-0.000172021
1.48774e-12	-0.0001728
1.50785e-12	-0.000173577
1.52795e-12	-0.000174351
1.54805e-12	-0.000175123
1.56816e-12	-0.000175891
1.58826e-12	-0.000176656
1.60837e-12	-0.000177419
1.62847e-12	-0.000178178
1.64858e-12	-0.000178934
1.66868e-12	-0.000179686
1.68879e-12	-0.000180434
1.70889e-12	-0.000181179
1.729e-12	-0.00018192
1.7491e-12	-0.000182657
1.76921e-12	-0.00018339
1.78931e-12	-0.000184119
1.80941e-12	-0.000184843
1.82952e-12	-0.000185563
1.84962e-12	-0.000186279
1.86973e-12	-0.000186989
1.88983e-12	-0.000187695
1.90994e-12	-0.000188396
1.93004e-12	-0.000189091
1.95015e-12	-0.000189782
1.97025e-12	-0.000190467
1.99036e-12	-0.000191146
2.01046e-12	-0.00019182
2.03057e-12	-0.000192488
2.05067e-12	-0.000193149
2.07077e-12	-0.000193805
2.09088e-12	-0.000194454
2.11098e-12	-0.000195097
2.13109e-12	-0.000195734
2.15119e-12	-0.000196363
2.1713e-12	-0.000196986
2.1914e-12	-0.000197602
2.21151e-12	-0.00019821
2.23161e-12	-0.000198811
2.25172e-12	-0.000199405
2.27182e-12	-0.00019999
2.29193e-12	-0.000200568
2.31203e-12	-0.000201138
2.33213e-12	-0.0002017
2.35224e-12	-0.000202253
2.37234e-12	-0.000202798
2.39245e-12	-0.000203334
2.41255e-12	-0.000203861
2.43266e-12	-0.000204378
2.45276e-12	-0.000204887
2.47287e-12	-0.000205386
2.49297e-12	-0.000205876
2.51308e-12	-0.000206355
2.53318e-12	-0.000206825
2.55328e-12	-0.000207284
2.57339e-12	-0.000207733
2.59349e-12	-0.000208172
2.6136e-12	-0.000208599
2.6337e-12	-0.000209016
2.65381e-12	-0.000209421
2.67391e-12	-0.000209815
2.69402e-12	-0.000210197
2.71412e-12	-0.000210568
2.73423e-12	-0.000210926
2.75433e-12	-0.000211272
2.77444e-12	-0.000211606
2.79454e-12	-0.000211927
2.81464e-12	-0.000212235
2.83475e-12	-0.00021253
2.85485e-12	-0.000212812
2.87496e-12	-0.00021308
2.89506e-12	-0.000213334
2.91517e-12	-0.000213574
2.93527e-12	-0.0002138
2.95538e-12	-0.000214012
2.97548e-12	-0.000214209
2.99559e-12	-0.00021439
3.01569e-12	-0.000214557
3.0358e-12	-0.000214708
3.0559e-12	-0.000214844
3.076e-12	-0.000214963
3.09611e-12	-0.000215066
3.11621e-12	-0.000215153
3.13632e-12	-0.000215224
3.15642e-12	-0.000215277
3.17653e-12	-0.000215313
3.19663e-12	-0.000215331
3.21674e-12	-0.000215332
3.23684e-12	-0.000215315
3.25695e-12	-0.000215279
3.27705e-12	-0.000215225
3.29716e-12	-0.000215153
3.31726e-12	-0.000215061
3.33736e-12	-0.000214949
3.35747e-12	-0.000214818
3.37757e-12	-0.000214668
3.39768e-12	-0.000214496
3.41778e-12	-0.000214305
3.43789e-12	-0.000214092
3.45799e-12	-0.000213859
3.4781e-12	-0.000213604
3.4982e-12	-0.000213327
3.51831e-12	-0.000213029
3.53841e-12	-0.000212708
3.55852e-12	-0.000212365
3.57862e-12	-0.000211998
3.59872e-12	-0.000211609
3.61883e-12	-0.000211195
3.63893e-12	-0.000210758
3.65904e-12	-0.000210297
3.67914e-12	-0.000209812
3.69925e-12	-0.000209301
3.71935e-12	-0.000208766
3.73946e-12	-0.000208205
3.75956e-12	-0.000207618
3.77967e-12	-0.000207005
3.79977e-12	-0.000206365
3.81988e-12	-0.000205699
3.83998e-12	-0.000205005
3.86008e-12	-0.000204285
3.88019e-12	-0.000203536
3.90029e-12	-0.000202759
3.9204e-12	-0.000201953
3.9405e-12	-0.000201118
3.96061e-12	-0.000200255
3.98071e-12	-0.000199361
4.00082e-12	-0.000198438
4.02092e-12	-0.000197484
4.04103e-12	-0.000196499
4.06113e-12	-0.000195484
4.08123e-12	-0.000194436
4.10134e-12	-0.000193357
4.12144e-12	-0.000192246
4.14155e-12	-0.000191102
4.16165e-12	-0.000189925
4.18176e-12	-0.000188714
4.20186e-12	-0.00018747
4.22197e-12	-0.000186191
4.24207e-12	-0.000184878
4.26218e-12	-0.00018353
4.28228e-12	-0.000182146
4.30239e-12	-0.000180726
4.32249e-12	-0.000179271
4.34259e-12	-0.000177778
4.3627e-12	-0.000176249
4.3828e-12	-0.000174681
4.40291e-12	-0.000173076
4.42301e-12	-0.000171433
4.44312e-12	-0.000169751
4.46322e-12	-0.000168029
4.48333e-12	-0.000166268
4.50343e-12	-0.000164467
4.52354e-12	-0.000162625
4.54364e-12	-0.000160742
4.56375e-12	-0.000158818
4.58385e-12	-0.000156852
4.60395e-12	-0.000154843
4.62406e-12	-0.000152792
4.64416e-12	-0.000150697
4.66427e-12	-0.000148559
4.68437e-12	-0.000146376
4.70448e-12	-0.000144149
4.72458e-12	-0.000141876
4.74469e-12	-0.000139558
4.76479e-12	-0.000137194
4.7849e-12	-0.000134783
4.805e-12	-0.000132325
4.82511e-12	-0.000129819
4.84521e-12	-0.000127266
4.86531e-12	-0.000124663
4.88542e-12	-0.000122012
4.90552e-12	-0.000119311
4.92563e-12	-0.00011656
4.94573e-12	-0.000113759
4.96584e-12	-0.000110906
4.98594e-12	-0.000108002
5.00605e-12	-0.000105045
5.02615e-12	-0.000102036
5.04626e-12	-9.89735e-05
5.06636e-12	-9.58575e-05
5.08647e-12	-9.26871e-05
5.10657e-12	-8.94619e-05
5.12667e-12	-8.61814e-05
5.14678e-12	-8.28451e-05
5.16688e-12	-7.94522e-05
5.18699e-12	-7.60025e-05
5.20709e-12	-7.24951e-05
5.2272e-12	-6.89297e-05
5.2473e-12	-6.53057e-05
5.26741e-12	-6.16224e-05
5.28751e-12	-5.78794e-05
5.30762e-12	-5.4076e-05
5.32772e-12	-5.02117e-05
5.34783e-12	-4.6286e-05
5.36793e-12	-4.22981e-05
5.38803e-12	-3.82476e-05
5.40814e-12	-3.41339e-05
5.42824e-12	-2.99563e-05
5.44835e-12	-2.57143e-05
5.46845e-12	-2.14073e-05
5.48856e-12	-1.70347e-05
5.50866e-12	-1.25958e-05
5.52877e-12	-8.09018e-06
5.54887e-12	-3.51709e-06
5.56898e-12	1.12405e-06
5.58908e-12	5.83384e-06
5.60918e-12	1.06129e-05
5.62929e-12	1.54619e-05
5.64939e-12	2.03814e-05
5.6695e-12	2.53721e-05
5.6896e-12	3.04345e-05
5.70971e-12	3.55694e-05
5.72981e-12	4.07773e-05
5.74992e-12	4.60589e-05
5.77002e-12	5.14149e-05
5.79013e-12	5.68459e-05
5.81023e-12	6.23526e-05
5.83034e-12	6.79355e-05
5.85044e-12	7.35954e-05
5.87054e-12	7.93329e-05
5.89065e-12	8.51488e-05
5.91075e-12	9.10435e-05
5.93086e-12	9.70179e-05
5.95096e-12	0.000103073
5.97107e-12	0.000109208
5.99117e-12	0.000115426
6.01128e-12	0.000121725
6.03138e-12	0.000128108
6.05149e-12	0.000134575
6.07159e-12	0.000141126
6.0917e-12	0.000147762
6.1118e-12	0.000154483
6.1319e-12	0.000161292
6.15201e-12	0.000168187
6.17211e-12	0.000175171
6.19222e-12	0.000182243
6.21232e-12	0.000189405
6.23243e-12	0.000196656
6.25253e-12	0.000203999
6.27264e-12	0.000211433
6.29274e-12	0.000218959
6.31285e-12	0.000226579
6.33295e-12	0.000234292
6.35306e-12	0.000242099
6.37316e-12	0.000250002
6.39326e-12	0.000258001
6.41337e-12	0.000266096
6.43347e-12	0.000274289
6.45358e-12	0.00028258
6.47368e-12	0.00029097
6.49379e-12	0.00029946
6.51389e-12	0.00030805
6.534e-12	0.000316741
6.5541e-12	0.000325535
6.57421e-12	0.000334431
6.59431e-12	0.000343431
6.61442e-12	0.000352536
6.63452e-12	0.000361745
6.65462e-12	0.00037106
6.67473e-12	0.000380482
6.69483e-12	0.000390012
6.71494e-12	0.00039965
6.73504e-12	0.000409396
6.75515e-12	0.000419253
6.77525e-12	0.00042922
6.79536e-12	0.000439299
6.81546e-12	0.00044949
6.83557e-12	0.000459795
6.85567e-12	0.000470213
6.87578e-12	0.000480746
6.89588e-12	0.000491394
6.91598e-12	0.000502158
6.93609e-12	0.00051304
6.95619e-12	0.00052404
6.9763e-12	0.000535159
6.9964e-12	0.000546397
7.01651e-12	0.000557756
7.03661e-12	0.000569236
7.05672e-12	0.000580838
7.07682e-12	0.000592563
7.09693e-12	0.000604412
7.11703e-12	0.000616385
7.13713e-12	0.000628485
7.15724e-12	0.00064071
7.17734e-12	0.000653063
7.19745e-12	0.000665543
7.21755e-12	0.000678153
7.23766e-12	0.000690892
7.25776e-12	0.000703762
7.27787e-12	0.000716764
7.29797e-12	0.000729897
7.31808e-12	0.000743164
7.33818e-12	0.000756566
7.35829e-12	0.000770102
7.37839e-12	0.000783773
7.39849e-12	0.000797582
7.4186e-12	0.000811528
7.4387e-12	0.000825612
7.45881e-12	0.000839836
7.47891e-12	0.0008542
7.49902e-12	0.000868705
7.51912e-12	0.000883352
7.53923e-12	0.000898142
7.55933e-12	0.000913076
7.57944e-12	0.000928154
7.59954e-12	0.000943377
7.61965e-12	0.000958747
7.63975e-12	0.000974265
7.65985e-12	0.00098993
7.67996e-12	0.00100574
7.70006e-12	0.00102171
7.72017e-12	0.00103782
7.74027e-12	0.00105409
7.76038e-12	0.00107051
7.78048e-12	0.00108709
7.80059e-12	0.00110381
7.82069e-12	0.0011207
7.8408e-12	0.00113774
7.8609e-12	0.00115493
7.88101e-12	0.00117229
7.90111e-12	0.0011898
7.92121e-12	0.00120747
7.94132e-12	0.00122531
7.96142e-12	0.00124331
7.98153e-12	0.00126146
8.00163e-12	0.00127979
8.02174e-12	0.00129827
8.04184e-12	0.00131693
8.06195e-12	0.00133574
8.08205e-12	0.00135473
8.10216e-12	0.00137388
8.12226e-12	0.00139321
8.14237e-12	0.0014127
8.16247e-12	0.00143236
8.18257e-12	0.0014522
8.20268e-12	0.0014722
8.22278e-12	0.00149239
8.24289e-12	0.00151274
8.26299e-12	0.00153327
8.2831e-12	0.00155398
8.3032e-12	0.00157487
8.32331e-12	0.00159593
8.34341e-12	0.00161717
8.36352e-12	0.00163859
8.38362e-12	0.00166019
8.40373e-12	0.00168198
8.42383e-12	0.00170395
8.44393e-12	0.0017261
8.46404e-12	0.00174843
8.48414e-12	0.00177095
8.50425e-12	0.00179366
8.52435e-12	0.00181656
8.54446e-12	0.00183964
8.56456e-12	0.00186291
8.58467e-12	0.00188637
8.60477e-12	0.00191002
8.62488e-12	0.00193387
8.64498e-12	0.0019579
8.66508e-12	0.00198213
8.68519e-12	0.00200656
8.70529e-12	0.00203118
8.7254e-12	0.002056
8.7455e-12	0.00208101
8.76561e-12	0.00210622
8.78571e-12	0.00213163
8.80582e-12	0.00215724
8.82592e-12	0.00218305
8.84603e-12	0.00220906
8.86613e-12	0.00223528
8.88624e-12	0.0022617
8.90634e-12	0.00228832
8.92644e-12	0.00231515
8.94655e-12	0.00234218
8.96665e-12	0.00236942
8.98676e-12	0.00239687
9.00686e-12	0.00242452
9.02697e-12	0.00245239
9.04707e-12	0.00248046
9.06718e-12	0.00250875
9.08728e-12	0.00253725
9.10739e-12	0.00256596
9.12749e-12	0.00259489
9.1476e-12	0.00262403
9.1677e-12	0.00265338
9.1878e-12	0.00268295
9.20791e-12	0.00271274
9.22801e-12	0.00274275
9.24812e-12	0.00277297
9.26822e-12	0.00280341
9.28833e-12	0.00283408
9.30843e-12	0.00286496
9.32854e-12	0.00289607
9.34864e-12	0.0029274
9.36875e-12	0.00295895
9.38885e-12	0.00299073
9.40896e-12	0.00302273
9.42906e-12	0.00305496
9.44916e-12	0.00308742
9.46927e-12	0.0031201
9.48937e-12	0.00315301
9.50948e-12	0.00318615
9.52958e-12	0.00321952
9.54969e-12	0.00325312
9.56979e-12	0.00328695
9.5899e-12	0.00332101
9.61e-12	0.0033553
9.63011e-12	0.00338983
9.65021e-12	0.0034246
9.67032e-12	0.00345959
9.69042e-12	0.00349483
9.71052e-12	0.0035303
9.73063e-12	0.003566
9.75073e-12	0.00360194
9.77084e-12	0.00363813
9.79094e-12	0.00367455
9.81105e-12	0.00371121
9.83115e-12	0.00374811
9.85126e-12	0.00378525
9.87136e-12	0.00382263
9.89147e-12	0.00386026
9.91157e-12	0.00389813
9.93168e-12	0.00393624
9.95178e-12	0.0039746
9.97188e-12	0.0040132
9.99199e-12	0.00405205
1.00121e-11	0.00409114
1.00322e-11	0.00413048
1.00523e-11	0.00417007
1.00724e-11	0.0042099
1.00925e-11	0.00424998
1.01126e-11	0.00429031
1.01327e-11	0.0043309
1.01528e-11	0.00437173
1.01729e-11	0.00441281
1.0193e-11	0.00445414
1.02131e-11	0.00449573
1.02332e-11	0.00453756
1.02533e-11	0.00457965
1.02735e-11	0.00462199
1.02936e-11	0.00466459
1.03137e-11	0.00470744
1.03338e-11	0.00475054
1.03539e-11	0.0047939
1.0374e-11	0.00483751
1.03941e-11	0.00488138
1.04142e-11	0.00492551
1.04343e-11	0.00496989
1.04544e-11	0.00501453
1.04745e-11	0.00505943
1.04946e-11	0.00510458
1.05147e-11	0.00515
1.05348e-11	0.00519567
1.05549e-11	0.0052416
1.0575e-11	0.00528779
1.05951e-11	0.00533424
1.06152e-11	0.00538094
1.06353e-11	0.00542791
1.06554e-11	0.00547514
1.06755e-11	0.00552263
1.06957e-11	0.00557038
1.07158e-11	0.00561839
1.07359e-11	0.00566666
1.0756e-11	0.0057152
1.07761e-11	0.00576399
1.07962e-11	0.00581305
1.08163e-11	0.00586237
1.08364e-11	0.00591195
1.08565e-11	0.0059618
1.08766e-11	0.0060119
1.08967e-11	0.00606227
1.09168e-11	0.00611291
1.09369e-11	0.0061638
1.0957e-11	0.00621496
1.09771e-11	0.00626638
1.09972e-11	0.00631806
1.10173e-11	0.00637001
1.10374e-11	0.00642222
1.10575e-11	0.0064747
1.10776e-11	0.00652743
1.10977e-11	0.00658043
1.11178e-11	0.00663369
1.1138e-11	0.00668722
1.11581e-11	0.00674101
1.11782e-11	0.00679506
1.11983e-11	0.00684938
1.12184e-11	0.00690395
1.12385e-11	0.00695879
1.12586e-11	0.00701389
1.12787e-11	0.00706926
1.12988e-11	0.00712488
1.13189e-11	0.00718077
1.1339e-11	0.00723692
1.13591e-11	0.00729333
1.13792e-11	0.00735
1.13993e-11	0.00740693
1.14194e-11	0.00746412
1.14395e-11	0.00752158
1.14596e-11	0.00757929
1.14797e-11	0.00763726
1.14998e-11	0.00769549
1.15199e-11	0.00775398
1.154e-11	0.00781273
1.15601e-11	0.00787173
1.15803e-11	0.007931
1.16004e-11	0.00799052
1.16205e-11	0.0080503
1.16406e-11	0.00811033
1.16607e-11	0.00817062
1.16808e-11	0.00823116
1.17009e-11	0.00829196
1.1721e-11	0.00835301
1.17411e-11	0.00841431
1.17612e-11	0.00847587
1.17813e-11	0.00853768
1.18014e-11	0.00859974
1.18215e-11	0.00866205
1.18416e-11	0.00872461
1.18617e-11	0.00878741
1.18818e-11	0.00885047
1.19019e-11	0.00891378
1.1922e-11	0.00897733
1.19421e-11	0.00904113
1.19622e-11	0.00910517
1.19823e-11	0.00916946
1.20024e-11	0.00923399
1.20226e-11	0.00929876
1.20427e-11	0.00936377
1.20628e-11	0.00942903
1.20829e-11	0.00949452
1.2103e-11	0.00956025
1.21231e-11	0.00962622
1.21432e-11	0.00969243
1.21633e-11	0.00975887
1.21834e-11	0.00982554
1.22035e-11	0.00989245
1.22236e-11	0.00995959
1.22437e-11	0.010027
1.22638e-11	0.0100946
1.22839e-11	0.0101624
1.2304e-11	0.0102304
1.23241e-11	0.0102987
1.23442e-11	0.0103672
1.23643e-11	0.010436
1.23844e-11	0.0105049
1.24045e-11	0.0105741
1.24246e-11	0.0106435
1.24448e-11	0.0107131
1.24649e-11	0.0107829
1.2485e-11	0.0108529
1.25051e-11	0.0109232
1.25252e-11	0.0109937
1.25453e-11	0.0110643
1.25654e-11	0.0111352
1.25855e-11	0.0112063
1.26056e-11	0.0112776
1.26257e-11	0.0113491
1.26458e-11	0.0114208
1.26659e-11	0.0114927
1.2686e-11	0.0115648
1.27061e-11	0.011637
1.27262e-11	0.0117095
1.27463e-11	0.0117822
1.27664e-11	0.0118551
1.27865e-11	0.0119281
1.28066e-11	0.0120014
1.28267e-11	0.0120748
1.28468e-11	0.0121484
1.28669e-11	0.0122222
1.28871e-11	0.0122961
1.29072e-11	0.0123703
1.29273e-11	0.0124446
1.29474e-11	0.0125191
1.29675e-11	0.0125938
1.29876e-11	0.0126686
1.30077e-11	0.0127436
1.30278e-11	0.0128187
1.30479e-11	0.012894
1.3068e-11	0.0129695
1.30881e-11	0.0130451
1.31082e-11	0.0131209
1.31283e-11	0.0131968
1.31484e-11	0.0132729
1.31685e-11	0.0133491
1.31886e-11	0.0134255
1.32087e-11	0.013502
1.32288e-11	0.0135787
1.32489e-11	0.0136555
1.3269e-11	0.0137324
1.32891e-11	0.0138094
1.33092e-11	0.0138866
1.33294e-11	0.0139639
1.33495e-11	0.0140413
1.33696e-11	0.0141188
1.33897e-11	0.0141965
1.34098e-11	0.0142742
1.34299e-11	0.0143521
1.345e-11	0.0144301
1.34701e-11	0.0145082
1.34902e-11	0.0145864
1.35103e-11	0.0146646
1.35304e-11	0.014743
1.35505e-11	0.0148215
1.35706e-11	0.0149
1.35907e-11	0.0149787
1.36108e-11	0.0150574
1.36309e-11	0.0151362
1.3651e-11	0.015215
1.36711e-11	0.015294
1.36912e-11	0.015373
1.37113e-11	0.015452
1.37314e-11	0.0155312
1.37516e-11	0.0156103
1.37717e-11	0.0156896
1.37918e-11	0.0157689
1.38119e-11	0.0158482
1.3832e-11	0.0159276
1.38521e-11	0.016007
1.38722e-11	0.0160864
1.38923e-11	0.0161659
1.39124e-11	0.0162454
1.39325e-11	0.0163249
1.39526e-11	0.0164045
1.39727e-11	0.016484
1.39928e-11	0.0165636
1.40129e-11	0.0166432
1.4033e-11	0.0167227
1.40531e-11	0.0168023
1.40732e-11	0.0168819
1.40933e-11	0.0169614
1.41134e-11	0.017041
1.41335e-11	0.0171205
1.41536e-11	0.0172
1.41737e-11	0.0172795
1.41939e-11	0.0173589
1.4214e-11	0.0174383
1.42341e-11	0.0175176
1.42542e-11	0.017597
1.42743e-11	0.0176762
1.42944e-11	0.0177554
1.43145e-11	0.0178346
1.43346e-11	0.0179136
1.43547e-11	0.0179926
1.43748e-11	0.0180716
1.43949e-11	0.0181504
1.4415e-11	0.0182292
1.44351e-11	0.0183079
1.44552e-11	0.0183864
1.44753e-11	0.0184649
1.44954e-11	0.0185433
1.45155e-11	0.0186216
1.45356e-11	0.0186997
1.45557e-11	0.0187777
1.45758e-11	0.0188556
1.45959e-11	0.0189334
1.4616e-11	0.019011
1.46362e-11	0.0190885
1.46563e-11	0.0191659
1.46764e-11	0.0192431
1.46965e-11	0.0193201
1.47166e-11	0.0193969
1.47367e-11	0.0194736
1.47568e-11	0.0195502
1.47769e-11	0.0196265
1.4797e-11	0.0197026
1.48171e-11	0.0197786
1.48372e-11	0.0198544
1.48573e-11	0.0199299
1.48774e-11	0.0200053
1.48975e-11	0.0200804
1.49176e-11	0.0201553
1.49377e-11	0.0202299
1.49578e-11	0.0203044
1.49779e-11	0.0203786
1.4998e-11	0.0204525
1.50181e-11	0.0205262
1.50382e-11	0.0205996
1.50583e-11	0.0206728
1.50785e-11	0.0207457
1.50986e-11	0.0208183
1.51187e-11	0.0208906
1.51388e-11	0.0209626
1.51589e-11	0.0210344
1.5179e-11	0.0211058
1.51991e-11	0.0211769
1.52192e-11	0.0212477
1.52393e-11	0.0213181
1.52594e-11	0.0213882
1.52795e-11	0.021458
1.52996e-11	0.0215275
1.53197e-11	0.0215966
1.53398e-11	0.0216653
1.53599e-11	0.0217336
1.538e-11	0.0218016
1.54001e-11	0.0218692
1.54202e-11	0.0219364
1.54403e-11	0.0220032
1.54604e-11	0.0220696
1.54805e-11	0.0221356
1.55007e-11	0.0222011
1.55208e-11	0.0222663
1.55409e-11	0.022331
1.5561e-11	0.0223952
1.55811e-11	0.0224591
1.56012e-11	0.0225224
1.56213e-11	0.0225853
1.56414e-11	0.0226477
1.56615e-11	0.0227096
1.56816e-11	0.0227711
1.57017e-11	0.022832
1.57218e-11	0.0228925
1.57419e-11	0.0229524
1.5762e-11	0.0230118
1.57821e-11	0.0230707
1.58022e-11	0.023129
1.58223e-11	0.0231868
1.58424e-11	0.0232441
1.58625e-11	0.0233007
1.58826e-11	0.0233568
1.59027e-11	0.0234124
1.59228e-11	0.0234673
1.5943e-11	0.0235217
1.59631e-11	0.0235754
1.59832e-11	0.0236285
1.60033e-11	0.023681
1.60234e-11	0.0237329
1.60435e-11	0.0237841
1.60636e-11	0.0238347
1.60837e-11	0.0238847
1.61038e-11	0.0239339
1.61239e-11	0.0239825
1.6144e-11	0.0240304
1.61641e-11	0.0240777
1.61842e-11	0.0241242
1.62043e-11	0.02417
1.62244e-11	0.0242151
1.62445e-11	0.0242594
1.62646e-11	0.0243031
1.62847e-11	0.0243459
1.63048e-11	0.024388
1.63249e-11	0.0244294
1.6345e-11	0.02447
1.63651e-11	0.0245098
1.63853e-11	0.0245488
1.64054e-11	0.024587
1.64255e-11	0.0246243
1.64456e-11	0.0246609
1.64657e-11	0.0246966
1.64858e-11	0.0247315
1.65059e-11	0.0247655
1.6526e-11	0.0247987
1.65461e-11	0.024831
1.65662e-11	0.0248624
1.65863e-11	0.0248929
1.66064e-11	0.0249226
1.66265e-11	0.0249513
1.66466e-11	0.024979
1.66667e-11	0.0250059
1.66868e-11	0.0250318
1.67069e-11	0.0250568
1.6727e-11	0.0250808
1.67471e-11	0.0251038
1.67672e-11	0.0251258
1.67873e-11	0.0251469
1.68075e-11	0.0251669
1.68276e-11	0.025186
1.68477e-11	0.025204
1.68678e-11	0.0252209
1.68879e-11	0.0252369
1.6908e-11	0.0252517
1.69281e-11	0.0252655
1.69482e-11	0.0252782
1.69683e-11	0.0252899
1.69884e-11	0.0253004
1.70085e-11	0.0253098
1.70286e-11	0.0253181
1.70487e-11	0.0253253
1.70688e-11	0.0253313
1.70889e-11	0.0253362
1.7109e-11	0.0253399
1.71291e-11	0.0253424
1.71492e-11	0.0253437
1.71693e-11	0.0253439
1.71894e-11	0.0253428
1.72095e-11	0.0253405
1.72296e-11	0.025337
1.72498e-11	0.0253322
1.72699e-11	0.0253262
1.729e-11	0.0253189
1.73101e-11	0.0253103
1.73302e-11	0.0253005
1.73503e-11	0.0252893
1.73704e-11	0.0252768
1.73905e-11	0.025263
1.74106e-11	0.0252479
1.74307e-11	0.0252314
1.74508e-11	0.0252136
1.74709e-11	0.0251944
1.7491e-11	0.0251738
1.75111e-11	0.0251518
1.75312e-11	0.0251284
1.75513e-11	0.0251036
1.75714e-11	0.0250774
1.75915e-11	0.0250497
1.76116e-11	0.0250206
1.76317e-11	0.02499
1.76518e-11	0.0249579
1.76719e-11	0.0249244
1.76921e-11	0.0248893
1.77122e-11	0.0248527
1.77323e-11	0.0248146
1.77524e-11	0.024775
1.77725e-11	0.0247338
1.77926e-11	0.024691
1.78127e-11	0.0246467
1.78328e-11	0.0246008
1.78529e-11	0.0245533
1.7873e-11	0.0245042
1.78931e-11	0.0244534
1.79132e-11	0.0244011
1.79333e-11	0.024347
1.79534e-11	0.0242914
1.79735e-11	0.024234
1.79936e-11	0.024175
1.80137e-11	0.0241142
1.80338e-11	0.0240518
1.80539e-11	0.0239876
1.8074e-11	0.0239217
1.80941e-11	0.023854
1.81142e-11	0.0237846
1.81344e-11	0.0237134
1.81545e-11	0.0236405
1.81746e-11	0.0235657
1.81947e-11	0.0234891
1.82148e-11	0.0234107
1.82349e-11	0.0233305
1.8255e-11	0.0232484
1.82751e-11	0.0231644
1.82952e-11	0.0230786
1.83153e-11	0.0229909
1.83354e-11	0.0229013
1.83555e-11	0.0228097
1.83756e-11	0.0227163
1.83957e-11	0.0226209
1.84158e-11	0.0225236
1.84359e-11	0.0224243
1.8456e-11	0.022323
1.84761e-11	0.0222197
1.84962e-11	0.0221145
1.85163e-11	0.0220072
1.85364e-11	0.0218979
1.85566e-11	0.0217865
1.85767e-11	0.0216731
1.85968e-11	0.0215576
1.86169e-11	0.0214401
1.8637e-11	0.0213205
1.86571e-11	0.0211987
1.86772e-11	0.0210748
1.86973e-11	0.0209488
1.87174e-11	0.0208207
1.87375e-11	0.0206904
1.87576e-11	0.0205579
1.87777e-11	0.0204233
1.87978e-11	0.0202864
1.88179e-11	0.0201474
1.8838e-11	0.0200061
1.88581e-11	0.0198626
1.88782e-11	0.0197168
1.88983e-11	0.0195688
1.89184e-11	0.0194185
1.89385e-11	0.0192659
1.89586e-11	0.019111
1.89787e-11	0.0189538
1.89989e-11	0.0187943
1.9019e-11	0.0186325
1.90391e-11	0.0184682
1.90592e-11	0.0183017
1.90793e-11	0.0181327
1.90994e-11	0.0179614
1.91195e-11	0.0177876
1.91396e-11	0.0176115
1.91597e-11	0.0174329
1.91798e-11	0.0172518
1.91999e-11	0.0170684
1.922e-11	0.0168824
1.92401e-11	0.016694
1.92602e-11	0.016503
1.92803e-11	0.0163096
1.93004e-11	0.0161137
1.93205e-11	0.0159152
1.93406e-11	0.0157141
1.93607e-11	0.0155106
1.93808e-11	0.0153044
1.94009e-11	0.0150957
1.9421e-11	0.0148843
1.94412e-11	0.0146704
1.94613e-11	0.0144538
1.94814e-11	0.0142346
1.95015e-11	0.0140128
1.95216e-11	0.0137883
1.95417e-11	0.0135611
1.95618e-11	0.0133313
1.95819e-11	0.0130987
1.9602e-11	0.0128635
1.96221e-11	0.0126255
1.96422e-11	0.0123848
1.96623e-11	0.0121413
1.96824e-11	0.0118951
1.97025e-11	0.0116461
1.97226e-11	0.0113944
1.97427e-11	0.0111398
1.97628e-11	0.0108824
1.97829e-11	0.0106222
1.9803e-11	0.0103592
1.98231e-11	0.0100934
1.98432e-11	0.00982465
1.98634e-11	0.00955306
1.98835e-11	0.0092786
1.99036e-11	0.00900124
1.99237e-11	0.00872098
1.99438e-11	0.0084378
1.99639e-11	0.0081517
1.9984e-11	0.00786266
2.00041e-11	0.00757067
2.00242e-11	0.00727571
2.00443e-11	0.00697778
2.00644e-11	0.00667686
2.00845e-11	0.00637295
2.01046e-11	0.00606603
2.01247e-11	0.00575609
2.01448e-11	0.00544311
2.01649e-11	0.00512709
2.0185e-11	0.00480802
2.02051e-11	0.00448588
2.02252e-11	0.00416067
2.02453e-11	0.00383236
2.02654e-11	0.00350096
2.02855e-11	0.00316645
2.03057e-11	0.00282881
2.03258e-11	0.00248804
2.03459e-11	0.00214413
2.0366e-11	0.00179707
2.03861e-11	0.00144684
2.04062e-11	0.00109343
2.04263e-11	0.000736839
2.04464e-11	0.000377051
2.04665e-11	1.40553e-05
2.04866e-11	-0.000352158
2.05067e-11	-0.0007216
2.05268e-11	-0.00109428
2.05469e-11	-0.00147021
2.0567e-11	-0.0018494
2.05871e-11	-0.00223185
2.06072e-11	-0.00261759
2.06273e-11	-0.00300661
2.06474e-11	-0.00339893
2.06675e-11	-0.00379456
2.06876e-11	-0.00419351
2.07077e-11	-0.00459579
2.07278e-11	-0.00500141
2.0748e-11	-0.00541037
2.07681e-11	-0.00582269
2.07882e-11	-0.00623837
2.08083e-11	-0.00665743
2.08284e-11	-0.00707987
2.08485e-11	-0.00750571
2.08686e-11	-0.00793495
2.08887e-11	-0.0083676
2.09088e-11	-0.00880367
2.09289e-11	-0.00924316
2.0949e-11	-0.0096861
2.09691e-11	-0.0101325
2.09892e-11	-0.0105823
2.10093e-11	-0.0110356
2.10294e-11	-0.0114924
2.10495e-11	-0.0119526
2.10696e-11	-0.0124164
2.10897e-11	-0.0128836
2.11098e-11	-0.0133543
2.11299e-11	-0.0138286
2.115e-11	-0.0143063
2.11701e-11	-0.0147876
2.11903e-11	-0.0152725
2.12104e-11	-0.0157608
2.12305e-11	-0.0162527
2.12506e-11	-0.0167482
2.12707e-11	-0.0172473
2.12908e-11	-0.0177499
2.13109e-11	-0.018256
2.1331e-11	-0.0187658
2.13511e-11	-0.0192792
2.13712e-11	-0.0197961
2.13913e-11	-0.0203167
2.14114e-11	-0.0208408
2.14315e-11	-0.0213686
2.14516e-11	-0.0219
2.14717e-11	-0.022435
2.14918e-11	-0.0229737
2.15119e-11	-0.023516
2.1532e-11	-0.0240619
2.15521e-11	-0.0246115
2.15722e-11	-0.0251648
2.15923e-11	-0.0257217
2.16125e-11	-0.0262823
2.16326e-11	-0.0268465
2.16527e-11	-0.0274145
2.16728e-11	-0.0279861
2.16929e-11	-0.0285614
2.1713e-11	-0.0291404
2.17331e-11	-0.029723
2.17532e-11	-0.0303094
2.17733e-11	-0.0308995
2.17934e-11	-0.0314933
2.18135e-11	-0.0320908
2.18336e-11	-0.032692
2.18537e-11	-0.0332969
2.18738e-11	-0.0339056
2.18939e-11	-0.034518
2.1914e-11	-0.0351341
2.19341e-11	-0.0357539
2.19542e-11	-0.0363775
2.19743e-11	-0.0370048
2.19944e-11	-0.0376358
2.20145e-11	-0.0382706
2.20346e-11	-0.0389092
2.20548e-11	-0.0395514
2.20749e-11	-0.0401975
2.2095e-11	-0.0408472
2.21151e-11	-0.0415008
2.21352e-11	-0.0421581
2.21553e-11	-0.0428191
2.21754e-11	-0.0434839
2.21955e-11	-0.0441524
2.22156e-11	-0.0448248
2.22357e-11	-0.0455008
2.22558e-11	-0.0461807
2.22759e-11	-0.0468642
2.2296e-11	-0.0475516
2.23161e-11	-0.0482427
2.23362e-11	-0.0489376
2.23563e-11	-0.0496362
2.23764e-11	-0.0503386
2.23965e-11	-0.0510448
2.24166e-11	-0.0517547
2.24367e-11	-0.0524683
2.24568e-11	-0.0531858
2.24769e-11	-0.053907
2.24971e-11	-0.0546319
2.25172e-11	-0.0553606
2.25373e-11	-0.056093
2.25574e-11	-0.0568292
2.25775e-11	-0.0575692
2.25976e-11	-0.0583129
2.26177e-11	-0.0590603
2.26378e-11	-0.0598115
2.26579e-11	-0.0605664
2.2678e-11	-0.061325
2.26981e-11	-0.0620874
2.27182e-11	-0.0628535
2.27383e-11	-0.0636234
2.27584e-11	-0.0643969
2.27785e-11	-0.0651742
2.27986e-11	-0.0659552
2.28187e-11	-0.0667399
2.28388e-11	-0.0675283
2.28589e-11	-0.0683204
2.2879e-11	-0.0691163
2.28991e-11	-0.0699158
2.29193e-11	-0.070719
2.29394e-11	-0.0715258
2.29595e-11	-0.0723364
2.29796e-11	-0.0731506
2.29997e-11	-0.0739685
2.30198e-11	-0.07479
2.30399e-11	-0.0756152
2.306e-11	-0.0764441
2.30801e-11	-0.0772766
2.31002e-11	-0.0781127
2.31203e-11	-0.0789524
2.31404e-11	-0.0797958
2.31605e-11	-0.0806428
2.31806e-11	-0.0814933
2.32007e-11	-0.0823475
2.32208e-11	-0.0832053
2.32409e-11	-0.0840666
2.3261e-11	-0.0849316
2.32811e-11	-0.0858
2.33012e-11	-0.0866721
2.33213e-11	-0.0875476
2.33414e-11	-0.0884268
2.33616e-11	-0.0893094
2.33817e-11	-0.0901956
2.34018e-11	-0.0910852
2.34219e-11	-0.0919784
2.3442e-11	-0.0928751
2.34621e-11	-0.0937752
2.34822e-11	-0.0946788
2.35023e-11	-0.0955858
2.35224e-11	-0.0964963
2.35425e-11	-0.0974103
2.35626e-11	-0.0983276
2.35827e-11	-0.0992484
2.36028e-11	-0.100173
2.36229e-11	-0.1011
2.3643e-11	-0.102031
2.36631e-11	-0.102965
2.36832e-11	-0.103903
2.37033e-11	-0.104844
2.37234e-11	-0.105788
2.37435e-11	-0.106736
2.37636e-11	-0.107687
2.37837e-11	-0.108641
2.38039e-11	-0.109598
2.3824e-11	-0.110559
2.38441e-11	-0.111523
2.38642e-11	-0.11249
2.38843e-11	-0.11346
2.39044e-11	-0.114434
2.39245e-11	-0.115411
2.39446e-11	-0.11639
2.39647e-11	-0.117373
2.39848e-11	-0.11836
2.40049e-11	-0.119349
2.4025e-11	-0.120341
2.40451e-11	-0.121337
2.40652e-11	-0.122335
2.40853e-11	-0.123337
2.41054e-11	-0.124341
2.41255e-11	-0.125349
2.41456e-11	-0.126359
2.41657e-11	-0.127373
2.41858e-11	-0.12839
2.42059e-11	-0.129409
2.4226e-11	-0.130431
2.42462e-11	-0.131457
2.42663e-11	-0.132485
2.42864e-11	-0.133516
2.43065e-11	-0.13455
2.43266e-11	-0.135586
2.43467e-11	-0.136626
2.43668e-11	-0.137668
2.43869e-11	-0.138713
2.4407e-11	-0.139761
2.44271e-11	-0.140811
2.44472e-11	-0.141864
2.44673e-11	-0.14292
2.44874e-11	-0.143978
2.45075e-11	-0.145039
2.45276e-11	-0.146103
2.45477e-11	-0.147169
2.45678e-11	-0.148238
2.45879e-11	-0.149309
2.4608e-11	-0.150383
2.46281e-11	-0.15146
2.46482e-11	-0.152538
2.46684e-11	-0.15362
2.46885e-11	-0.154703
2.47086e-11	-0.155789
2.47287e-11	-0.156878
2.47488e-11	-0.157969
2.47689e-11	-0.159062
2.4789e-11	-0.160157
2.48091e-11	-0.161255
2.48292e-11	-0.162355
2.48493e-11	-0.163457
2.48694e-11	-0.164561
2.48895e-11	-0.165667
2.49096e-11	-0.166776
2.49297e-11	-0.167887
2.49498e-11	-0.168999
2.49699e-11	-0.170114
2.499e-11	-0.171231
2.50101e-11	-0.17235
2.50302e-11	-0.173471
2.50503e-11	-0.174593
2.50704e-11	-0.175718
2.50905e-11	-0.176844
2.51107e-11	-0.177973
2.51308e-11	-0.179103
2.51509e-11	-0.180235
2.5171e-11	-0.181368
2.51911e-11	-0.182504
2.52112e-11	-0.183641
2.52313e-11	-0.18478
2.52514e-11	-0.18592
2.52715e-11	-0.187062
2.52916e-11	-0.188206
2.53117e-11	-0.189351
2.53318e-11	-0.190497
2.53519e-11	-0.191645
2.5372e-11	-0.192795
2.53921e-11	-0.193946
2.54122e-11	-0.195098
2.54323e-11	-0.196252
2.54524e-11	-0.197407
2.54725e-11	-0.198563
2.54926e-11	-0.199721
2.55127e-11	-0.200879
2.55328e-11	-0.202039
2.5553e-11	-0.2032
2.55731e-11	-0.204362
2.55932e-11	-0.205525
2.56133e-11	-0.20669
2.56334e-11	-0.207855
2.56535e-11	-0.209021
2.56736e-11	-0.210188
2.56937e-11	-0.211356
2.57138e-11	-0.212525
2.57339e-11	-0.213694
2.5754e-11	-0.214865
2.57741e-11	-0.216036
2.57942e-11	-0.217208
2.58143e-11	-0.21838
2.58344e-11	-0.219553
2.58545e-11	-0.220727
2.58746e-11	-0.221901
2.58947e-11	-0.223076
2.59148e-11	-0.224251
2.59349e-11	-0.225427
2.5955e-11	-0.226603
2.59752e-11	-0.227779
2.59953e-11	-0.228956
2.60154e-11	-0.230133
2.60355e-11	-0.23131
2.60556e-11	-0.232488
2.60757e-11	-0.233665
2.60958e-11	-0.234843
2.61159e-11	-0.236021
2.6136e-11	-0.237198
2.61561e-11	-0.238376
2.61762e-11	-0.239554
2.61963e-11	-0.240731
2.62164e-11	-0.241909
2.62365e-11	-0.243086
2.62566e-11	-0.244263
2.62767e-11	-0.24544
2.62968e-11	-0.246616
2.63169e-11	-0.247792
2.6337e-11	-0.248968
2.63571e-11	-0.250143
2.63772e-11	-0.251318
2.63973e-11	-0.252492
2.64175e-11	-0.253666
2.64376e-11	-0.254838
2.64577e-11	-0.256011
2.64778e-11	-0.257182
2.64979e-11	-0.258353
2.6518e-11	-0.259523
2.65381e-11	-0.260692
2.65582e-11	-0.261861
2.65783e-11	-0.263028
2.65984e-11	-0.264194
2.66185e-11	-0.26536
2.66386e-11	-0.266524
2.66587e-11	-0.267687
2.66788e-11	-0.268849
2.66989e-11	-0.27001
2.6719e-11	-0.271169
2.67391e-11	-0.272327
2.67592e-11	-0.273484
2.67793e-11	-0.274639
2.67994e-11	-0.275793
2.68195e-11	-0.276945
2.68396e-11	-0.278096
2.68598e-11	-0.279245
2.68799e-11	-0.280393
2.69e-11	-0.281539
2.69201e-11	-0.282683
2.69402e-11	-0.283825
2.69603e-11	-0.284965
2.69804e-11	-0.286104
2.70005e-11	-0.28724
2.70206e-11	-0.288375
2.70407e-11	-0.289507
2.70608e-11	-0.290638
2.70809e-11	-0.291766
2.7101e-11	-0.292892
2.71211e-11	-0.294016
2.71412e-11	-0.295137
2.71613e-11	-0.296256
2.71814e-11	-0.297373
2.72015e-11	-0.298487
2.72216e-11	-0.299598
2.72417e-11	-0.300707
2.72618e-11	-0.301814
2.72819e-11	-0.302918
2.73021e-11	-0.304019
2.73222e-11	-0.305117
2.73423e-11	-0.306212
2.73624e-11	-0.307305
2.73825e-11	-0.308394
2.74026e-11	-0.309481
2.74227e-11	-0.310564
2.74428e-11	-0.311645
2.74629e-11	-0.312722
2.7483e-11	-0.313796
2.75031e-11	-0.314867
2.75232e-11	-0.315934
2.75433e-11	-0.316998
2.75634e-11	-0.318059
2.75835e-11	-0.319116
2.76036e-11	-0.32017
2.76237e-11	-0.32122
2.76438e-11	-0.322266
2.76639e-11	-0.323309
2.7684e-11	-0.324348
2.77041e-11	-0.325383
2.77243e-11	-0.326414
2.77444e-11	-0.327442
2.77645e-11	-0.328465
2.77846e-11	-0.329485
2.78047e-11	-0.3305
2.78248e-11	-0.331511
2.78449e-11	-0.332518
2.7865e-11	-0.333521
2.78851e-11	-0.334519
2.79052e-11	-0.335513
2.79253e-11	-0.336502
2.79454e-11	-0.337487
2.79655e-11	-0.338468
2.79856e-11	-0.339444
2.80057e-11	-0.340415
2.80258e-11	-0.341382
2.80459e-11	-0.342344
2.8066e-11	-0.343301
2.80861e-11	-0.344253
2.81062e-11	-0.3452
2.81263e-11	-0.346142
2.81464e-11	-0.347079
2.81666e-11	-0.348011
2.81867e-11	-0.348938
2.82068e-11	-0.34986
2.82269e-11	-0.350776
2.8247e-11	-0.351687
2.82671e-11	-0.352593
2.82872e-11	-0.353493
2.83073e-11	-0.354387
2.83274e-11	-0.355276
2.83475e-11	-0.35616
2.83676e-11	-0.357038
2.83877e-11	-0.35791
2.84078e-11	-0.358776
2.84279e-11	-0.359636
2.8448e-11	-0.360491
2.84681e-11	-0.361339
2.84882e-11	-0.362182
2.85083e-11	-0.363018
2.85284e-11	-0.363848
2.85485e-11	-0.364672
2.85686e-11	-0.36549
2.85887e-11	-0.366301
2.86089e-11	-0.367106
2.8629e-11	-0.367905
2.86491e-11	-0.368697
2.86692e-11	-0.369482
2.86893e-11	-0.370261
2.87094e-11	-0.371033
2.87295e-11	-0.371799
2.87496e-11	-0.372558
2.87697e-11	-0.373309
2.87898e-11	-0.374054
2.88099e-11	-0.374792
2.883e-11	-0.375523
2.88501e-11	-0.376247
2.88702e-11	-0.376964
2.88903e-11	-0.377673
2.89104e-11	-0.378376
2.89305e-11	-0.379071
2.89506e-11	-0.379758
2.89707e-11	-0.380439
2.89908e-11	-0.381111
2.90109e-11	-0.381776
2.90311e-11	-0.382434
2.90512e-11	-0.383084
2.90713e-11	-0.383726
2.90914e-11	-0.38436
2.91115e-11	-0.384987
2.91316e-11	-0.385605
2.91517e-11	-0.386216
2.91718e-11	-0.386819
2.91919e-11	-0.387414
2.9212e-11	-0.388
2.92321e-11	-0.388578
2.92522e-11	-0.389149
2.92723e-11	-0.38971
2.92924e-11	-0.390264
2.93125e-11	-0.390809
2.93326e-11	-0.391345
2.93527e-11	-0.391873
2.93728e-11	-0.392393
2.93929e-11	-0.392904
2.9413e-11	-0.393406
2.94331e-11	-0.393899
2.94532e-11	-0.394384
2.94734e-11	-0.39486
2.94935e-11	-0.395327
2.95136e-11	-0.395784
2.95337e-11	-0.396233
2.95538e-11	-0.396673
2.95739e-11	-0.397104
2.9594e-11	-0.397525
2.96141e-11	-0.397937
2.96342e-11	-0.39834
2.96543e-11	-0.398734
2.96744e-11	-0.399118
2.96945e-11	-0.399492
2.97146e-11	-0.399857
2.97347e-11	-0.400213
2.97548e-11	-0.400559
2.97749e-11	-0.400895
2.9795e-11	-0.401221
2.98151e-11	-0.401538
2.98352e-11	-0.401845
2.98553e-11	-0.402142
2.98754e-11	-0.402429
2.98955e-11	-0.402706
2.99157e-11	-0.402972
2.99358e-11	-0.403229
2.99559e-11	-0.403476
2.9976e-11	-0.403712
2.99961e-11	-0.403938
3.00162e-11	-0.404154
3.00363e-11	-0.404359
3.00564e-11	-0.404554
3.00765e-11	-0.404739
3.00966e-11	-0.404913
3.01167e-11	-0.405076
3.01368e-11	-0.405229
3.01569e-11	-0.405371
3.0177e-11	-0.405502
3.01971e-11	-0.405622
3.02172e-11	-0.405732
3.02373e-11	-0.405831
3.02574e-11	-0.405919
3.02775e-11	-0.405995
3.02976e-11	-0.406061
3.03177e-11	-0.406116
3.03378e-11	-0.40616
3.0358e-11	-0.406192
3.03781e-11	-0.406213
3.03982e-11	-0.406223
3.04183e-11	-0.406221
3.04384e-11	-0.406209
3.04585e-11	-0.406184
3.04786e-11	-0.406149
3.04987e-11	-0.406101
3.05188e-11	-0.406043
3.05389e-11	-0.405972
3.0559e-11	-0.40589
3.05791e-11	-0.405796
3.05992e-11	-0.405691
3.06193e-11	-0.405573
3.06394e-11	-0.405444
3.06595e-11	-0.405303
3.06796e-11	-0.40515
3.06997e-11	-0.404985
3.07198e-11	-0.404808
3.07399e-11	-0.404619
3.076e-11	-0.404418
3.07802e-11	-0.404205
3.08003e-11	-0.403979
3.08204e-11	-0.403741
3.08405e-11	-0.403491
3.08606e-11	-0.403229
3.08807e-11	-0.402955
3.09008e-11	-0.402667
3.09209e-11	-0.402368
3.0941e-11	-0.402056
3.09611e-11	-0.401732
3.09812e-11	-0.401394
3.10013e-11	-0.401045
3.10214e-11	-0.400683
3.10415e-11	-0.400308
3.10616e-11	-0.39992
3.10817e-11	-0.399519
3.11018e-11	-0.399106
3.11219e-11	-0.39868
3.1142e-11	-0.398241
3.11621e-11	-0.397789
3.11822e-11	-0.397325
3.12023e-11	-0.396847
3.12225e-11	-0.396356
3.12426e-11	-0.395852
3.12627e-11	-0.395336
3.12828e-11	-0.394806
3.13029e-11	-0.394262
3.1323e-11	-0.393706
3.13431e-11	-0.393137
3.13632e-11	-0.392554
3.13833e-11	-0.391958
3.14034e-11	-0.391348
3.14235e-11	-0.390726
3.14436e-11	-0.39009
3.14637e-11	-0.38944
3.14838e-11	-0.388777
3.15039e-11	-0.388101
3.1524e-11	-0.387411
3.15441e-11	-0.386707
3.15642e-11	-0.38599
3.15843e-11	-0.38526
3.16044e-11	-0.384516
3.16245e-11	-0.383758
3.16446e-11	-0.382986
3.16648e-11	-0.382201
3.16849e-11	-0.381402
3.1705e-11	-0.38059
3.17251e-11	-0.379763
3.17452e-11	-0.378923
3.17653e-11	-0.378069
3.17854e-11	-0.377201
3.18055e-11	-0.376319
3.18256e-11	-0.375423
3.18457e-11	-0.374514
3.18658e-11	-0.37359
3.18859e-11	-0.372653
3.1906e-11	-0.371701
3.19261e-11	-0.370736
3.19462e-11	-0.369756
3.19663e-11	-0.368763
3.19864e-11	-0.367755
3.20065e-11	-0.366733
3.20266e-11	-0.365698
3.20467e-11	-0.364648
3.20668e-11	-0.363584
3.2087e-11	-0.362505
3.21071e-11	-0.361413
3.21272e-11	-0.360306
3.21473e-11	-0.359185
3.21674e-11	-0.35805
3.21875e-11	-0.356901
3.22076e-11	-0.355738
3.22277e-11	-0.35456
3.22478e-11	-0.353368
3.22679e-11	-0.352161
3.2288e-11	-0.350941
3.23081e-11	-0.349706
3.23282e-11	-0.348456
3.23483e-11	-0.347193
3.23684e-11	-0.345915
3.23885e-11	-0.344622
3.24086e-11	-0.343316
3.24287e-11	-0.341994
3.24488e-11	-0.340659
3.24689e-11	-0.339309
3.2489e-11	-0.337945
3.25091e-11	-0.336566
3.25293e-11	-0.335173
3.25494e-11	-0.333765
3.25695e-11	-0.332343
3.25896e-11	-0.330907
3.26097e-11	-0.329456
3.26298e-11	-0.327991
3.26499e-11	-0.326511
3.267e-11	-0.325017
3.26901e-11	-0.323508
3.27102e-11	-0.321985
3.27303e-11	-0.320448
3.27504e-11	-0.318896
3.27705e-11	-0.317329
3.27906e-11	-0.315748
3.28107e-11	-0.314153
3.28308e-11	-0.312543
3.28509e-11	-0.310919
3.2871e-11	-0.309281
3.28911e-11	-0.307627
3.29112e-11	-0.30596
3.29313e-11	-0.304278
3.29514e-11	-0.302582
3.29716e-11	-0.300871
3.29917e-11	-0.299145
3.30118e-11	-0.297406
3.30319e-11	-0.295652
3.3052e-11	-0.293883
3.30721e-11	-0.292101
3.30922e-11	-0.290303
3.31123e-11	-0.288492
3.31324e-11	-0.286666
3.31525e-11	-0.284826
3.31726e-11	-0.282971
3.31927e-11	-0.281102
3.32128e-11	-0.279219
3.32329e-11	-0.277321
3.3253e-11	-0.27541
3.32731e-11	-0.273484
3.32932e-11	-0.271543
3.33133e-11	-0.269589
3.33334e-11	-0.26762
3.33535e-11	-0.265637
3.33736e-11	-0.26364
3.33937e-11	-0.261628
3.34139e-11	-0.259603
3.3434e-11	-0.257563
3.34541e-11	-0.25551
3.34742e-11	-0.253442
3.34943e-11	-0.25136
3.35144e-11	-0.249264
3.35345e-11	-0.247154
3.35546e-11	-0.24503
3.35747e-11	-0.242892
3.35948e-11	-0.24074
3.36149e-11	-0.238574
3.3635e-11	-0.236394
3.36551e-11	-0.2342
3.36752e-11	-0.231993
3.36953e-11	-0.229771
3.37154e-11	-0.227536
3.37355e-11	-0.225287
3.37556e-11	-0.223024
3.37757e-11	-0.220748
3.37958e-11	-0.218458
3.38159e-11	-0.216154
3.38361e-11	-0.213836
3.38562e-11	-0.211505
3.38763e-11	-0.20916
3.38964e-11	-0.206802
3.39165e-11	-0.20443
3.39366e-11	-0.202045
3.39567e-11	-0.199647
3.39768e-11	-0.197235
3.39969e-11	-0.194809
3.4017e-11	-0.19237
3.40371e-11	-0.189918
3.40572e-11	-0.187453
3.40773e-11	-0.184974
3.40974e-11	-0.182483
3.41175e-11	-0.179978
3.41376e-11	-0.17746
3.41577e-11	-0.174929
3.41778e-11	-0.172385
3.41979e-11	-0.169828
3.4218e-11	-0.167258
3.42381e-11	-0.164675
3.42582e-11	-0.162079
3.42784e-11	-0.159471
3.42985e-11	-0.156849
3.43186e-11	-0.154215
3.43387e-11	-0.151568
3.43588e-11	-0.148909
3.43789e-11	-0.146237
3.4399e-11	-0.143553
3.44191e-11	-0.140856
3.44392e-11	-0.138146
3.44593e-11	-0.135424
3.44794e-11	-0.13269
3.44995e-11	-0.129944
3.45196e-11	-0.127185
3.45397e-11	-0.124414
3.45598e-11	-0.121631
3.45799e-11	-0.118836
3.46e-11	-0.116029
3.46201e-11	-0.11321
3.46402e-11	-0.110379
3.46603e-11	-0.107536
3.46804e-11	-0.104681
3.47005e-11	-0.101815
3.47207e-11	-0.0989367
3.47408e-11	-0.0960469
3.47609e-11	-0.0931454
3.4781e-11	-0.0902325
3.48011e-11	-0.0873081
3.48212e-11	-0.0843723
3.48413e-11	-0.0814251
3.48614e-11	-0.0784667
3.48815e-11	-0.075497
3.49016e-11	-0.0725161
3.49217e-11	-0.0695242
3.49418e-11	-0.0665212
3.49619e-11	-0.0635072
3.4982e-11	-0.0604824
3.50021e-11	-0.0574466
3.50222e-11	-0.0544001
3.50423e-11	-0.0513429
3.50624e-11	-0.048275
3.50825e-11	-0.0451965
3.51026e-11	-0.0421076
3.51227e-11	-0.0390081
3.51429e-11	-0.0358983
3.5163e-11	-0.0327782
3.51831e-11	-0.0296478
3.52032e-11	-0.0265073
3.52233e-11	-0.0233567
3.52434e-11	-0.020196
3.52635e-11	-0.0170254
3.52836e-11	-0.0138449
3.53037e-11	-0.0106546
3.53238e-11	-0.00745454
3.53439e-11	-0.00424482
3.5364e-11	-0.00102551
3.53841e-11	0.00220331
3.54042e-11	0.00544157
3.54243e-11	0.0086892
3.54444e-11	0.0119461
3.54645e-11	0.0152122
3.54846e-11	0.0184875
3.55047e-11	0.0217718
3.55248e-11	0.0250651
3.55449e-11	0.0283673
3.5565e-11	0.0316783
3.55852e-11	0.034998
3.56053e-11	0.0383264
3.56254e-11	0.0416634
3.56455e-11	0.0450088
3.56656e-11	0.0483627
3.56857e-11	0.0517249
3.57058e-11	0.0550953
3.57259e-11	0.0584739
3.5746e-11	0.0618606
3.57661e-11	0.0652553
3.57862e-11	0.0686579
3.58063e-11	0.0720683
3.58264e-11	0.0754864
3.58465e-11	0.0789122
3.58666e-11	0.0823455
3.58867e-11	0.0857864
3.59068e-11	0.0892346
3.59269e-11	0.0926901
3.5947e-11	0.0961528
3.59671e-11	0.0996227
3.59872e-11	0.1031
3.60073e-11	0.106583
3.60275e-11	0.110074
3.60476e-11	0.113571
3.60677e-11	0.117076
3.60878e-11	0.120586
3.61079e-11	0.124103
3.6128e-11	0.127627
3.61481e-11	0.131157
3.61682e-11	0.134693
3.61883e-11	0.138235
3.62084e-11	0.141783
3.62285e-11	0.145337
3.62486e-11	0.148897
3.62687e-11	0.152463
3.62888e-11	0.156034
3.63089e-11	0.159611
3.6329e-11	0.163193
3.63491e-11	0.16678
3.63692e-11	0.170373
3.63893e-11	0.173971
3.64094e-11	0.177574
3.64295e-11	0.181182
3.64496e-11	0.184795
3.64698e-11	0.188413
3.64899e-11	0.192035
3.651e-11	0.195661
3.65301e-11	0.199293
3.65502e-11	0.202928
3.65703e-11	0.206568
3.65904e-11	0.210212
3.66105e-11	0.21386
3.66306e-11	0.217512
3.66507e-11	0.221167
3.66708e-11	0.224827
3.66909e-11	0.22849
3.6711e-11	0.232157
3.67311e-11	0.235827
3.67512e-11	0.2395
3.67713e-11	0.243177
3.67914e-11	0.246856
3.68115e-11	0.250539
3.68316e-11	0.254224
3.68517e-11	0.257913
3.68718e-11	0.261604
3.6892e-11	0.265297
3.69121e-11	0.268994
3.69322e-11	0.272692
3.69523e-11	0.276393
3.69724e-11	0.280095
3.69925e-11	0.2838
3.70126e-11	0.287507
3.70327e-11	0.291216
3.70528e-11	0.294926
3.70729e-11	0.298638
3.7093e-11	0.302351
3.71131e-11	0.306066
3.71332e-11	0.309782
3.71533e-11	0.313499
3.71734e-11	0.317218
3.71935e-11	0.320937
3.72136e-11	0.324657
3.72337e-11	0.328378
3.72538e-11	0.332099
3.72739e-11	0.335821
3.7294e-11	0.339543
3.73141e-11	0.343266
3.73343e-11	0.346988
3.73544e-11	0.350711
3.73745e-11	0.354434
3.73946e-11	0.358156
3.74147e-11	0.361878
3.74348e-11	0.3656
3.74549e-11	0.369321
3.7475e-11	0.373042
3.74951e-11	0.376762
3.75152e-11	0.380481
3.75353e-11	0.384199
3.75554e-11	0.387916
3.75755e-11	0.391632
3.75956e-11	0.395346
3.76157e-11	0.399059
3.76358e-11	0.402771
3.76559e-11	0.406481
3.7676e-11	0.410189
3.76961e-11	0.413895
3.77162e-11	0.417599
3.77363e-11	0.421301
3.77564e-11	0.425001
3.77766e-11	0.428698
3.77967e-11	0.432393
3.78168e-11	0.436086
3.78369e-11	0.439776
3.7857e-11	0.443462
3.78771e-11	0.447146
3.78972e-11	0.450827
3.79173e-11	0.454505
3.79374e-11	0.45818
3.79575e-11	0.461851
3.79776e-11	0.465518
3.79977e-11	0.469182
3.80178e-11	0.472843
3.80379e-11	0.476499
3.8058e-11	0.480151
3.80781e-11	0.4838
3.80982e-11	0.487444
3.81183e-11	0.491084
3.81384e-11	0.494719
3.81585e-11	0.49835
3.81786e-11	0.501976
3.81988e-11	0.505597
3.82189e-11	0.509214
3.8239e-11	0.512825
3.82591e-11	0.516431
3.82792e-11	0.520032
3.82993e-11	0.523628
3.83194e-11	0.527218
3.83395e-11	0.530803
3.83596e-11	0.534382
3.83797e-11	0.537955
3.83998e-11	0.541522
3.84199e-11	0.545083
3.844e-11	0.548637
3.84601e-11	0.552186
3.84802e-11	0.555728
3.85003e-11	0.559264
3.85204e-11	0.562793
3.85405e-11	0.566315
3.85606e-11	0.56983
3.85807e-11	0.573338
3.86008e-11	0.576839
3.86209e-11	0.580333
3.86411e-11	0.58382
3.86612e-11	0.587299
3.86813e-11	0.590771
3.87014e-11	0.594235
3.87215e-11	0.597691
3.87416e-11	0.601139
3.87617e-11	0.604579
3.87818e-11	0.608011
3.88019e-11	0.611435
3.8822e-11	0.614851
3.88421e-11	0.618257
3.88622e-11	0.621656
3.88823e-11	0.625045
3.89024e-11	0.628426
3.89225e-11	0.631798
3.89426e-11	0.635161
3.89627e-11	0.638515
3.89828e-11	0.641859
3.90029e-11	0.645194
3.9023e-11	0.64852
3.90431e-11	0.651836
3.90632e-11	0.655142
3.90834e-11	0.658438
3.91035e-11	0.661725
3.91236e-11	0.665001
3.91437e-11	0.668267
3.91638e-11	0.671523
3.91839e-11	0.674769
3.9204e-11	0.678004
3.92241e-11	0.681228
3.92442e-11	0.684442
3.92643e-11	0.687645
3.92844e-11	0.690837
3.93045e-11	0.694018
3.93246e-11	0.697188
3.93447e-11	0.700347
3.93648e-11	0.703494
3.93849e-11	0.70663
3.9405e-11	0.709754
3.94251e-11	0.712866
3.94452e-11	0.715967
3.94653e-11	0.719056
3.94854e-11	0.722133
3.95055e-11	0.725197
3.95257e-11	0.72825
3.95458e-11	0.73129
3.95659e-11	0.734318
3.9586e-11	0.737333
3.96061e-11	0.740336
3.96262e-11	0.743326
3.96463e-11	0.746303
3.96664e-11	0.749267
3.96865e-11	0.752218
3.97066e-11	0.755156
3.97267e-11	0.758081
3.97468e-11	0.760992
3.97669e-11	0.76389
3.9787e-11	0.766774
3.98071e-11	0.769645
3.98272e-11	0.772502
3.98473e-11	0.775345
3.98674e-11	0.778175
3.98875e-11	0.78099
3.99076e-11	0.783791
3.99277e-11	0.786578
3.99479e-11	0.78935
3.9968e-11	0.792108
3.99881e-11	0.794852
4.00082e-11	0.797581
4.00283e-11	0.800295
4.00484e-11	0.802994
4.00685e-11	0.805679
4.00886e-11	0.808348
4.01087e-11	0.811003
4.01288e-11	0.813642
4.01489e-11	0.816266
4.0169e-11	0.818874
4.01891e-11	0.821468
4.02092e-11	0.824045
4.02293e-11	0.826607
4.02494e-11	0.829153
4.02695e-11	0.831684
4.02896e-11	0.834198
4.03097e-11	0.836697
4.03298e-11	0.839179
4.03499e-11	0.841645
4.037e-11	0.844095
4.03902e-11	0.846529
4.04103e-11	0.848946
4.04304e-11	0.851347
4.04505e-11	0.853731
4.04706e-11	0.856098
4.04907e-11	0.858449
4.05108e-11	0.860783
4.05309e-11	0.8631
4.0551e-11	0.865399
4.05711e-11	0.867682
4.05912e-11	0.869948
4.06113e-11	0.872196
4.06314e-11	0.874427
4.06515e-11	0.876641
4.06716e-11	0.878837
4.06917e-11	0.881015
4.07118e-11	0.883176
4.07319e-11	0.885319
4.0752e-11	0.887444
4.07721e-11	0.889552
4.07922e-11	0.891641
4.08123e-11	0.893713
4.08325e-11	0.895766
4.08526e-11	0.897801
4.08727e-11	0.899818
4.08928e-11	0.901817
4.09129e-11	0.903797
4.0933e-11	0.905759
4.09531e-11	0.907702
4.09732e-11	0.909626
4.09933e-11	0.911532
4.10134e-11	0.913419
4.10335e-11	0.915288
4.10536e-11	0.917137
4.10737e-11	0.918968
4.10938e-11	0.920779
4.11139e-11	0.922572
4.1134e-11	0.924345
4.11541e-11	0.926099
4.11742e-11	0.927834
4.11943e-11	0.92955
4.12144e-11	0.931246
4.12345e-11	0.932923
4.12547e-11	0.93458
4.12748e-11	0.936218
4.12949e-11	0.937836
4.1315e-11	0.939434
4.13351e-11	0.941013
4.13552e-11	0.942572
4.13753e-11	0.944111
4.13954e-11	0.94563
4.14155e-11	0.947129
4.14356e-11	0.948608
4.14557e-11	0.950067
4.14758e-11	0.951506
4.14959e-11	0.952925
4.1516e-11	0.954323
4.15361e-11	0.955701
4.15562e-11	0.957059
4.15763e-11	0.958397
4.15964e-11	0.959714
4.16165e-11	0.961011
4.16366e-11	0.962287
4.16567e-11	0.963542
4.16768e-11	0.964777
4.1697e-11	0.965992
4.17171e-11	0.967185
4.17372e-11	0.968358
4.17573e-11	0.96951
4.17774e-11	0.970642
4.17975e-11	0.971752
4.18176e-11	0.972842
4.18377e-11	0.97391
4.18578e-11	0.974958
4.18779e-11	0.975984
4.1898e-11	0.97699
4.19181e-11	0.977974
4.19382e-11	0.978937
4.19583e-11	0.979879
4.19784e-11	0.9808
4.19985e-11	0.9817
4.20186e-11	0.982579
4.20387e-11	0.983436
4.20588e-11	0.984271
4.20789e-11	0.985086
4.2099e-11	0.985879
4.21191e-11	0.986651
4.21393e-11	0.987401
4.21594e-11	0.988129
4.21795e-11	0.988837
4.21996e-11	0.989522
4.22197e-11	0.990187
4.22398e-11	0.990829
4.22599e-11	0.99145
4.228e-11	0.99205
4.23001e-11	0.992627
4.23202e-11	0.993183
4.23403e-11	0.993718
4.23604e-11	0.99423
4.23805e-11	0.994721
4.24006e-11	0.995191
4.24207e-11	0.995638
4.24408e-11	0.996064
4.24609e-11	0.996468
4.2481e-11	0.99685
4.25011e-11	0.99721
4.25212e-11	0.997549
4.25413e-11	0.997865
4.25614e-11	0.99816
4.25816e-11	0.998433
4.26017e-11	0.998684
4.26218e-11	0.998913
4.26419e-11	0.99912
4.2662e-11	0.999306
4.26821e-11	0.999469
4.27022e-11	0.999611
4.27223e-11	0.999731
4.27424e-11	0.999828
4.27625e-11	0.999904
4.27826e-11	0.999958
4.28027e-11	0.99999
4.28228e-11	1
4.28429e-11	0.999988
4.2863e-11	0.999954
4.28831e-11	0.999898
4.29032e-11	0.999821
4.29233e-11	0.999721
4.29434e-11	0.9996
4.29635e-11	0.999456
4.29836e-11	0.999291
4.30038e-11	0.999104
4.30239e-11	0.998895
4.3044e-11	0.998664
4.30641e-11	0.998411
4.30842e-11	0.998136
4.31043e-11	0.997839
4.31244e-11	0.997521
4.31445e-11	0.99718
4.31646e-11	0.996818
4.31847e-11	0.996434
4.32048e-11	0.996029
4.32249e-11	0.995601
4.3245e-11	0.995152
4.32651e-11	0.994681
4.32852e-11	0.994188
4.33053e-11	0.993673
4.33254e-11	0.993137
4.33455e-11	0.992579
4.33656e-11	0.992
4.33857e-11	0.991398
4.34058e-11	0.990776
4.34259e-11	0.990131
4.34461e-11	0.989465
4.34662e-11	0.988778
4.34863e-11	0.988069
4.35064e-11	0.987338
4.35265e-11	0.986586
4.35466e-11	0.985813
4.35667e-11	0.985018
4.35868e-11	0.984201
4.36069e-11	0.983364
4.3627e-11	0.982505
4.36471e-11	0.981625
4.36672e-11	0.980723
4.36873e-11	0.979801
4.37074e-11	0.978857
4.37275e-11	0.977892
4.37476e-11	0.976905
4.37677e-11	0.975898
4.37878e-11	0.97487
4.38079e-11	0.97382
4.3828e-11	0.97275
4.38481e-11	0.971659
4.38682e-11	0.970547
4.38884e-11	0.969413
4.39085e-11	0.96826
4.39286e-11	0.967085
4.39487e-11	0.96589
4.39688e-11	0.964674
4.39889e-11	0.963437
4.4009e-11	0.962179
4.40291e-11	0.960902
4.40492e-11	0.959603
4.40693e-11	0.958284
4.40894e-11	0.956945
4.41095e-11	0.955585
4.41296e-11	0.954206
4.41497e-11	0.952805
4.41698e-11	0.951385
4.41899e-11	0.949944
4.421e-11	0.948483
4.42301e-11	0.947003
4.42502e-11	0.945502
4.42703e-11	0.943981
4.42904e-11	0.94244
4.43106e-11	0.94088
4.43307e-11	0.9393
4.43508e-11	0.937699
4.43709e-11	0.93608
4.4391e-11	0.93444
4.44111e-11	0.932782
4.44312e-11	0.931103
4.44513e-11	0.929405
4.44714e-11	0.927688
4.44915e-11	0.925951
4.45116e-11	0.924196
4.45317e-11	0.922421
4.45518e-11	0.920627
4.45719e-11	0.918813
4.4592e-11	0.916981
4.46121e-11	0.91513
4.46322e-11	0.91326
4.46523e-11	0.911371
4.46724e-11	0.909464
4.46925e-11	0.907538
4.47126e-11	0.905593
4.47327e-11	0.90363
4.47529e-11	0.901648
4.4773e-11	0.899648
4.47931e-11	0.897629
4.48132e-11	0.895593
4.48333e-11	0.893538
4.48534e-11	0.891465
4.48735e-11	0.889374
4.48936e-11	0.887265
4.49137e-11	0.885138
4.49338e-11	0.882993
4.49539e-11	0.880831
4.4974e-11	0.878651
4.49941e-11	0.876454
4.50142e-11	0.874239
4.50343e-11	0.872006
4.50544e-11	0.869756
4.50745e-11	0.867489
4.50946e-11	0.865205
4.51147e-11	0.862904
4.51348e-11	0.860586
4.51549e-11	0.85825
4.5175e-11	0.855898
4.51952e-11	0.85353
4.52153e-11	0.851144
4.52354e-11	0.848742
4.52555e-11	0.846323
4.52756e-11	0.843888
4.52957e-11	0.841437
4.53158e-11	0.838969
4.53359e-11	0.836486
4.5356e-11	0.833986
4.53761e-11	0.83147
4.53962e-11	0.828938
4.54163e-11	0.826391
4.54364e-11	0.823827
4.54565e-11	0.821248
4.54766e-11	0.818654
4.54967e-11	0.816044
4.55168e-11	0.813419
4.55369e-11	0.810778
4.5557e-11	0.808123
4.55771e-11	0.805452
4.55972e-11	0.802766
4.56173e-11	0.800065
4.56375e-11	0.79735
4.56576e-11	0.79462
4.56777e-11	0.791875
4.56978e-11	0.789116
4.57179e-11	0.786342
4.5738e-11	0.783554
4.57581e-11	0.780752
4.57782e-11	0.777935
4.57983e-11	0.775105
4.58184e-11	0.772261
4.58385e-11	0.769402
4.58586e-11	0.76653
4.58787e-11	0.763645
4.58988e-11	0.760746
4.59189e-11	0.757833
4.5939e-11	0.754907
4.59591e-11	0.751968
4.59792e-11	0.749016
4.59993e-11	0.746051
4.60194e-11	0.743073
4.60395e-11	0.740082
4.60597e-11	0.737078
4.60798e-11	0.734062
4.60999e-11	0.731033
4.612e-11	0.727992
4.61401e-11	0.724938
4.61602e-11	0.721872
4.61803e-11	0.718795
4.62004e-11	0.715705
4.62205e-11	0.712603
4.62406e-11	0.709489
4.62607e-11	0.706364
4.62808e-11	0.703228
4.63009e-11	0.700079
4.6321e-11	0.69692
4.63411e-11	0.693749
4.63612e-11	0.690567
4.63813e-11	0.687374
4.64014e-11	0.68417
4.64215e-11	0.680956
4.64416e-11	0.67773
4.64617e-11	0.674494
4.64818e-11	0.671248
4.6502e-11	0.667991
4.65221e-11	0.664724
4.65422e-11	0.661447
4.65623e-11	0.658159
4.65824e-11	0.654862
4.66025e-11	0.651555
4.66226e-11	0.648238
4.66427e-11	0.644912
4.66628e-11	0.641576
4.66829e-11	0.638231
4.6703e-11	0.634876
4.67231e-11	0.631513
4.67432e-11	0.62814
4.67633e-11	0.624759
4.67834e-11	0.621368
4.68035e-11	0.617969
4.68236e-11	0.614561
4.68437e-11	0.611145
4.68638e-11	0.607721
4.68839e-11	0.604288
4.6904e-11	0.600847
4.69241e-11	0.597398
4.69443e-11	0.593941
4.69644e-11	0.590477
4.69845e-11	0.587005
4.70046e-11	0.583525
4.70247e-11	0.580038
4.70448e-11	0.576543
4.70649e-11	0.573041
4.7085e-11	0.569532
4.71051e-11	0.566016
4.71252e-11	0.562494
4.71453e-11	0.558964
4.71654e-11	0.555428
4.71855e-11	0.551885
4.72056e-11	0.548336
4.72257e-11	0.544781
4.72458e-11	0.54122
4.72659e-11	0.537652
4.7286e-11	0.534078
4.73061e-11	0.530499
4.73262e-11	0.526914
4.73463e-11	0.523323
4.73665e-11	0.519727
4.73866e-11	0.516126
4.74067e-11	0.512519
4.74268e-11	0.508907
4.74469e-11	0.505291
4.7467e-11	0.501669
4.74871e-11	0.498042
4.75072e-11	0.494411
4.75273e-11	0.490775
4.75474e-11	0.487135
4.75675e-11	0.483491
4.75876e-11	0.479842
4.76077e-11	0.476189
4.76278e-11	0.472533
4.76479e-11	0.468872
4.7668e-11	0.465208
4.76881e-11	0.46154
4.77082e-11	0.457868
4.77283e-11	0.454194
4.77484e-11	0.450516
4.77685e-11	0.446834
4.77886e-11	0.44315
4.78088e-11	0.439463
4.78289e-11	0.435773
4.7849e-11	0.43208
4.78691e-11	0.428385
4.78892e-11	0.424688
4.79093e-11	0.420987
4.79294e-11	0.417285
4.79495e-11	0.413581
4.79696e-11	0.409875
4.79897e-11	0.406166
4.80098e-11	0.402456
4.80299e-11	0.398745
4.805e-11	0.395032
4.80701e-11	0.391317
4.80902e-11	0.387601
4.81103e-11	0.383884
4.81304e-11	0.380166
4.81505e-11	0.376447
4.81706e-11	0.372727
4.81907e-11	0.369006
4.82108e-11	0.365285
4.82309e-11	0.361563
4.82511e-11	0.357841
4.82712e-11	0.354118
4.82913e-11	0.350396
4.83114e-11	0.346673
4.83315e-11	0.34295
4.83516e-11	0.339228
4.83717e-11	0.335505
4.83918e-11	0.331784
4.84119e-11	0.328062
4.8432e-11	0.324342
4.84521e-11	0.320622
4.84722e-11	0.316903
4.84923e-11	0.313184
4.85124e-11	0.309467
4.85325e-11	0.305751
4.85526e-11	0.302037
4.85727e-11	0.298323
4.85928e-11	0.294611
4.86129e-11	0.290901
4.8633e-11	0.287193
4.86531e-11	0.283486
4.86732e-11	0.279782
4.86934e-11	0.276079
4.87135e-11	0.272378
4.87336e-11	0.26868
4.87537e-11	0.264984
4.87738e-11	0.261291
4.87939e-11	0.2576
4.8814e-11	0.253912
4.88341e-11	0.250227
4.88542e-11	0.246544
4.88743e-11	0.242865
4.88944e-11	0.239189
4.89145e-11	0.235516
4.89346e-11	0.231846
4.89547e-11	0.228179
4.89748e-11	0.224517
4.89949e-11	0.220858
4.9015e-11	0.217202
4.90351e-11	0.213551
4.90552e-11	0.209903
4.90753e-11	0.206259
4.90954e-11	0.20262
4.91156e-11	0.198985
4.91357e-11	0.195354
4.91558e-11	0.191728
4.91759e-11	0.188106
4.9196e-11	0.184489
4.92161e-11	0.180876
4.92362e-11	0.177269
4.92563e-11	0.173666
4.92764e-11	0.170069
4.92965e-11	0.166476
4.93166e-11	0.162889
4.93367e-11	0.159307
4.93568e-11	0.155731
4.93769e-11	0.15216
4.9397e-11	0.148595
4.94171e-11	0.145036
4.94372e-11	0.141482
4.94573e-11	0.137934
4.94774e-11	0.134393
4.94975e-11	0.130857
4.95176e-11	0.127328
4.95377e-11	0.123805
4.95579e-11	0.120288
4.9578e-11	0.116778
4.95981e-11	0.113275
4.96182e-11	0.109778
4.96383e-11	0.106288
4.96584e-11	0.102805
4.96785e-11	0.0993283
4.96986e-11	0.0958591
4.97187e-11	0.092397
4.97388e-11	0.0889421
4.97589e-11	0.0854945
4.9779e-11	0.0820543
4.97991e-11	0.0786216
4.98192e-11	0.0751964
4.98393e-11	0.0717789
4.98594e-11	0.0683692
4.98795e-11	0.0649673
4.98996e-11	0.0615733
4.99197e-11	0.0581873
4.99398e-11	0.0548094
4.99599e-11	0.0514396
4.998e-11	0.0480781
5.00002e-11	0.044725
5.00203e-11	0.0413802
5.00404e-11	0.038044
5.00605e-11	0.0347163
5.00806e-11	0.0313973
5.01007e-11	0.0280871
5.01208e-11	0.0247856
5.01409e-11	0.0214931
5.0161e-11	0.0182096
5.01811e-11	0.0149351
5.02012e-11	0.0116697
5.02213e-11	0.0084136
5.02414e-11	0.00516676
5.02615e-11	0.0019293
5.02816e-11	-0.00129872
5.03017e-11	-0.00451722
5.03218e-11	-0.00772612
5.03419e-11	-0.0109254
5.0362e-11	-0.0141148
5.03821e-11	-0.0172945
5.04022e-11	-0.0204643
5.04224e-11	-0.0236241
5.04425e-11	-0.0267739
5.04626e-11	-0.0299135
5.04827e-11	-0.033043
5.05028e-11	-0.0361623
5.05229e-11	-0.0392712
5.0543e-11	-0.0423698
5.05631e-11	-0.0454579
5.05832e-11	-0.0485354
5.06033e-11	-0.0516024
5.06234e-11	-0.0546587
5.06435e-11	-0.0577043
5.06636e-11	-0.0607391
5.06837e-11	-0.0637631
5.07038e-11	-0.0667761
5.07239e-11	-0.0697782
5.0744e-11	-0.0727692
5.07641e-11	-0.0757491
5.07842e-11	-0.0787178
5.08043e-11	-0.0816753
5.08244e-11	-0.0846215
5.08445e-11	-0.0875564
5.08647e-11	-0.0904798
5.08848e-11	-0.0933918
5.09049e-11	-0.0962922
5.0925e-11	-0.0991811
5.09451e-11	-0.102058
5.09652e-11	-0.104924
5.09853e-11	-0.107777
5.10054e-11	-0.110619
5.10255e-11	-0.113449
5.10456e-11	-0.116267
5.10657e-11	-0.119074
5.10858e-11	-0.121868
5.11059e-11	-0.12465
5.1126e-11	-0.127419
5.11461e-11	-0.130177
5.11662e-11	-0.132923
5.11863e-11	-0.135656
5.12064e-11	-0.138376
5.12265e-11	-0.141085
5.12466e-11	-0.143781
5.12667e-11	-0.146464
5.12868e-11	-0.149135
5.1307e-11	-0.151793
5.13271e-11	-0.154439
5.13472e-11	-0.157072
5.13673e-11	-0.159692
5.13874e-11	-0.1623
5.14075e-11	-0.164894
5.14276e-11	-0.167476
5.14477e-11	-0.170045
5.14678e-11	-0.172601
5.14879e-11	-0.175144
5.1508e-11	-0.177674
5.15281e-11	-0.180191
5.15482e-11	-0.182694
5.15683e-11	-0.185185
5.15884e-11	-0.187662
5.16085e-11	-0.190127
5.16286e-11	-0.192578
5.16487e-11	-0.195015
5.16688e-11	-0.197439
5.16889e-11	-0.19985
5.1709e-11	-0.202248
5.17291e-11	-0.204632
5.17493e-11	-0.207003
5.17694e-11	-0.20936
5.17895e-11	-0.211703
5.18096e-11	-0.214033
5.18297e-11	-0.216349
5.18498e-11	-0.218652
5.18699e-11	-0.220941
5.189e-11	-0.223217
5.19101e-11	-0.225478
5.19302e-11	-0.227726
5.19503e-11	-0.22996
5.19704e-11	-0.23218
5.19905e-11	-0.234387
5.20106e-11	-0.236579
5.20307e-11	-0.238758
5.20508e-11	-0.240923
5.20709e-11	-0.243073
5.2091e-11	-0.24521
5.21111e-11	-0.247333
5.21312e-11	-0.249442
5.21513e-11	-0.251537
5.21715e-11	-0.253617
5.21916e-11	-0.255684
5.22117e-11	-0.257737
5.22318e-11	-0.259775
5.22519e-11	-0.261799
5.2272e-11	-0.26381
5.22921e-11	-0.265806
5.23122e-11	-0.267787
5.23323e-11	-0.269755
5.23524e-11	-0.271708
5.23725e-11	-0.273647
5.23926e-11	-0.275572
5.24127e-11	-0.277483
5.24328e-11	-0.279379
5.24529e-11	-0.281261
5.2473e-11	-0.283129
5.24931e-11	-0.284982
5.25132e-11	-0.286821
5.25333e-11	-0.288646
5.25534e-11	-0.290456
5.25735e-11	-0.292252
5.25936e-11	-0.294034
5.26138e-11	-0.295801
5.26339e-11	-0.297554
5.2654e-11	-0.299292
5.26741e-11	-0.301016
5.26942e-11	-0.302726
5.27143e-11	-0.304421
5.27344e-11	-0.306102
5.27545e-11	-0.307768
5.27746e-11	-0.30942
5.27947e-11	-0.311057
5.28148e-11	-0.31268
5.28349e-11	-0.314289
5.2855e-11	-0.315883
5.28751e-11	-0.317463
5.28952e-11	-0.319028
5.29153e-11	-0.320579
5.29354e-11	-0.322115
5.29555e-11	-0.323637
5.29756e-11	-0.325144
5.29957e-11	-0.326637
5.30158e-11	-0.328116
5.30359e-11	-0.32958
5.30561e-11	-0.331029
5.30762e-11	-0.332464
5.30963e-11	-0.333885
5.31164e-11	-0.335292
5.31365e-11	-0.336683
5.31566e-11	-0.338061
5.31767e-11	-0.339424
5.31968e-11	-0.340773
5.32169e-11	-0.342107
5.3237e-11	-0.343427
5.32571e-11	-0.344732
5.32772e-11	-0.346024
5.32973e-11	-0.3473
5.33174e-11	-0.348563
5.33375e-11	-0.349811
5.33576e-11	-0.351045
5.33777e-11	-0.352264
5.33978e-11	-0.353469
5.34179e-11	-0.35466
5.3438e-11	-0.355837
5.34581e-11	-0.356999
5.34783e-11	-0.358147
5.34984e-11	-0.359281
5.35185e-11	-0.360401
5.35386e-11	-0.361506
5.35587e-11	-0.362597
5.35788e-11	-0.363674
5.35989e-11	-0.364737
5.3619e-11	-0.365786
5.36391e-11	-0.36682
5.36592e-11	-0.367841
5.36793e-11	-0.368847
5.36994e-11	-0.36984
5.37195e-11	-0.370818
5.37396e-11	-0.371782
5.37597e-11	-0.372733
5.37798e-11	-0.373669
5.37999e-11	-0.374591
5.382e-11	-0.3755
5.38401e-11	-0.376394
5.38602e-11	-0.377275
5.38803e-11	-0.378142
5.39004e-11	-0.378995
5.39206e-11	-0.379834
5.39407e-11	-0.380659
5.39608e-11	-0.38147
5.39809e-11	-0.382268
5.4001e-11	-0.383052
5.40211e-11	-0.383823
5.40412e-11	-0.384579
5.40613e-11	-0.385322
5.40814e-11	-0.386052
5.41015e-11	-0.386768
5.41216e-11	-0.38747
5.41417e-11	-0.388159
5.41618e-11	-0.388834
5.41819e-11	-0.389496
5.4202e-11	-0.390144
5.42221e-11	-0.390779
5.42422e-11	-0.391401
5.42623e-11	-0.392009
5.42824e-11	-0.392604
5.43025e-11	-0.393185
5.43226e-11	-0.393754
5.43427e-11	-0.394309
5.43629e-11	-0.394851
5.4383e-11	-0.39538
5.44031e-11	-0.395896
5.44232e-11	-0.396398
5.44433e-11	-0.396888
5.44634e-11	-0.397365
5.44835e-11	-0.397828
5.45036e-11	-0.398279
5.45237e-11	-0.398717
5.45438e-11	-0.399142
5.45639e-11	-0.399554
5.4584e-11	-0.399953
5.46041e-11	-0.40034
5.46242e-11	-0.400714
5.46443e-11	-0.401075
5.46644e-11	-0.401424
5.46845e-11	-0.40176
5.47046e-11	-0.402083
5.47247e-11	-0.402394
5.47448e-11	-0.402692
5.47649e-11	-0.402978
5.47851e-11	-0.403252
5.48052e-11	-0.403513
5.48253e-11	-0.403762
5.48454e-11	-0.403999
5.48655e-11	-0.404223
5.48856e-11	-0.404435
5.49057e-11	-0.404636
5.49258e-11	-0.404824
5.49459e-11	-0.405
5.4966e-11	-0.405163
5.49861e-11	-0.405315
5.50062e-11	-0.405456
5.50263e-11	-0.405584
5.50464e-11	-0.4057
5.50665e-11	-0.405805
5.50866e-11	-0.405897
5.51067e-11	-0.405979
5.51268e-11	-0.406048
5.51469e-11	-0.406106
5.5167e-11	-0.406152
5.51871e-11	-0.406187
5.52072e-11	-0.40621
5.52274e-11	-0.406222
5.52475e-11	-0.406223
5.52676e-11	-0.406212
5.52877e-11	-0.40619
5.53078e-11	-0.406156
5.53279e-11	-0.406112
5.5348e-11	-0.406056
5.53681e-11	-0.405989
5.53882e-11	-0.405912
5.54083e-11	-0.405823
5.54284e-11	-0.405723
5.54485e-11	-0.405613
5.54686e-11	-0.405491
5.54887e-11	-0.405359
5.55088e-11	-0.405216
5.55289e-11	-0.405063
5.5549e-11	-0.404898
5.55691e-11	-0.404724
5.55892e-11	-0.404538
5.56093e-11	-0.404342
5.56294e-11	-0.404136
5.56495e-11	-0.403919
5.56697e-11	-0.403693
5.56898e-11	-0.403455
5.57099e-11	-0.403208
5.573e-11	-0.40295
5.57501e-11	-0.402683
5.57702e-11	-0.402405
5.57903e-11	-0.402117
5.58104e-11	-0.401819
5.58305e-11	-0.401512
5.58506e-11	-0.401194
5.58707e-11	-0.400867
5.58908e-11	-0.40053
5.59109e-11	-0.400183
5.5931e-11	-0.399827
5.59511e-11	-0.399461
5.59712e-11	-0.399086
5.59913e-11	-0.398701
5.60114e-11	-0.398306
5.60315e-11	-0.397903
5.60516e-11	-0.39749
5.60717e-11	-0.397068
5.60918e-11	-0.396636
5.6112e-11	-0.396196
5.61321e-11	-0.395746
5.61522e-11	-0.395287
5.61723e-11	-0.39482
5.61924e-11	-0.394343
5.62125e-11	-0.393858
5.62326e-11	-0.393364
5.62527e-11	-0.392861
5.62728e-11	-0.392349
5.62929e-11	-0.391829
5.6313e-11	-0.3913
5.63331e-11	-0.390763
5.63532e-11	-0.390217
5.63733e-11	-0.389663
5.63934e-11	-0.3891
5.64135e-11	-0.38853
5.64336e-11	-0.387951
5.64537e-11	-0.387363
5.64738e-11	-0.386768
5.64939e-11	-0.386165
5.6514e-11	-0.385553
5.65342e-11	-0.384934
5.65543e-11	-0.384307
5.65744e-11	-0.383672
5.65945e-11	-0.383029
5.66146e-11	-0.382378
5.66347e-11	-0.38172
5.66548e-11	-0.381054
5.66749e-11	-0.380381
5.6695e-11	-0.3797
5.67151e-11	-0.379012
5.67352e-11	-0.378317
5.67553e-11	-0.377614
5.67754e-11	-0.376903
5.67955e-11	-0.376186
5.68156e-11	-0.375462
5.68357e-11	-0.37473
5.68558e-11	-0.373992
5.68759e-11	-0.373246
5.6896e-11	-0.372494
5.69161e-11	-0.371734
5.69362e-11	-0.370968
5.69563e-11	-0.370195
5.69765e-11	-0.369416
5.69966e-11	-0.36863
5.70167e-11	-0.367837
5.70368e-11	-0.367038
5.70569e-11	-0.366233
5.7077e-11	-0.365421
5.70971e-11	-0.364602
5.71172e-11	-0.363778
5.71373e-11	-0.362947
5.71574e-11	-0.36211
5.71775e-11	-0.361267
5.71976e-11	-0.360418
5.72177e-11	-0.359564
5.72378e-11	-0.358703
5.72579e-11	-0.357836
5.7278e-11	-0.356963
5.72981e-11	-0.356085
5.73182e-11	-0.355201
5.73383e-11	-0.354312
5.73584e-11	-0.353417
5.73785e-11	-0.352516
5.73986e-11	-0.35161
5.74188e-11	-0.350699
5.74389e-11	-0.349782
5.7459e-11	-0.34886
5.74791e-11	-0.347932
5.74992e-11	-0.347
5.75193e-11	-0.346062
5.75394e-11	-0.34512
5.75595e-11	-0.344172
5.75796e-11	-0.34322
5.75997e-11	-0.342262
5.76198e-11	-0.3413
5.76399e-11	-0.340333
5.766e-11	-0.339361
5.76801e-11	-0.338385
5.77002e-11	-0.337404
5.77203e-11	-0.336419
5.77404e-11	-0.335429
5.77605e-11	-0.334434
5.77806e-11	-0.333436
5.78007e-11	-0.332433
5.78208e-11	-0.331425
5.7841e-11	-0.330414
5.78611e-11	-0.329398
5.78812e-11	-0.328379
5.79013e-11	-0.327355
5.79214e-11	-0.326327
5.79415e-11	-0.325296
5.79616e-11	-0.32426
5.79817e-11	-0.323221
5.80018e-11	-0.322178
5.80219e-11	-0.321131
5.8042e-11	-0.320081
5.80621e-11	-0.319027
5.80822e-11	-0.317969
5.81023e-11	-0.316908
5.81224e-11	-0.315844
5.81425e-11	-0.314776
5.81626e-11	-0.313705
5.81827e-11	-0.312631
5.82028e-11	-0.311553
5.82229e-11	-0.310473
5.8243e-11	-0.309389
5.82631e-11	-0.308302
5.82833e-11	-0.307212
5.83034e-11	-0.306119
5.83235e-11	-0.305024
5.83436e-11	-0.303925
5.83637e-11	-0.302824
5.83838e-11	-0.30172
5.84039e-11	-0.300613
5.8424e-11	-0.299504
5.84441e-11	-0.298392
5.84642e-11	-0.297278
5.84843e-11	-0.296161
5.85044e-11	-0.295042
5.85245e-11	-0.29392
5.85446e-11	-0.292796
5.85647e-11	-0.29167
5.85848e-11	-0.290542
5.86049e-11	-0.289411
5.8625e-11	-0.288279
5.86451e-11	-0.287144
5.86652e-11	-0.286007
5.86853e-11	-0.284869
5.87054e-11	-0.283728
5.87256e-11	-0.282586
5.87457e-11	-0.281442
5.87658e-11	-0.280296
5.87859e-11	-0.279148
5.8806e-11	-0.277999
5.88261e-11	-0.276848
5.88462e-11	-0.275695
5.88663e-11	-0.274541
5.88864e-11	-0.273386
5.89065e-11	-0.272229
5.89266e-11	-0.271071
5.89467e-11	-0.269911
5.89668e-11	-0.268751
5.89869e-11	-0.267589
5.9007e-11	-0.266425
5.90271e-11	-0.265261
5.90472e-11	-0.264096
5.90673e-11	-0.262929
5.90874e-11	-0.261762
5.91075e-11	-0.260593
5.91276e-11	-0.259424
5.91477e-11	-0.258254
5.91679e-11	-0.257083
5.9188e-11	-0.255911
5.92081e-11	-0.254739
5.92282e-11	-0.253566
5.92483e-11	-0.252392
5.92684e-11	-0.251218
5.92885e-11	-0.250043
5.93086e-11	-0.248868
5.93287e-11	-0.247692
5.93488e-11	-0.246516
5.93689e-11	-0.24534
5.9389e-11	-0.244163
5.94091e-11	-0.242986
5.94292e-11	-0.241809
5.94493e-11	-0.240631
5.94694e-11	-0.239454
5.94895e-11	-0.238276
5.95096e-11	-0.237099
5.95297e-11	-0.235921
5.95498e-11	-0.234743
5.95699e-11	-0.233565
5.95901e-11	-0.232388
5.96102e-11	-0.231211
5.96303e-11	-0.230033
5.96504e-11	-0.228856
5.96705e-11	-0.22768
5.96906e-11	-0.226503
5.97107e-11	-0.225327
5.97308e-11	-0.224152
5.97509e-11	-0.222976
5.9771e-11	-0.221802
5.97911e-11	-0.220628
5.98112e-11	-0.219454
5.98313e-11	-0.218281
5.98514e-11	-0.217108
5.98715e-11	-0.215937
5.98916e-11	-0.214766
5.99117e-11	-0.213595
5.99318e-11	-0.212426
5.99519e-11	-0.211257
5.9972e-11	-0.210089
5.99921e-11	-0.208922
6.00122e-11	-0.207756
6.00324e-11	-0.206591
6.00525e-11	-0.205427
6.00726e-11	-0.204264
6.00927e-11	-0.203102
6.01128e-11	-0.201941
6.01329e-11	-0.200781
6.0153e-11	-0.199622
6.01731e-11	-0.198465
6.01932e-11	-0.197309
6.02133e-11	-0.196154
6.02334e-11	-0.195001
6.02535e-11	-0.193848
6.02736e-11	-0.192698
6.02937e-11	-0.191548
6.03138e-11	-0.1904
6.03339e-11	-0.189254
6.0354e-11	-0.188109
6.03741e-11	-0.186965
6.03942e-11	-0.185823
6.04143e-11	-0.184683
6.04344e-11	-0.183544
6.04545e-11	-0.182407
6.04747e-11	-0.181272
6.04948e-11	-0.180139
6.05149e-11	-0.179007
6.0535e-11	-0.177877
6.05551e-11	-0.176749
6.05752e-11	-0.175622
6.05953e-11	-0.174498
6.06154e-11	-0.173375
6.06355e-11	-0.172255
6.06556e-11	-0.171136
6.06757e-11	-0.17002
6.06958e-11	-0.168905
6.07159e-11	-0.167792
6.0736e-11	-0.166682
6.07561e-11	-0.165574
6.07762e-11	-0.164467
6.07963e-11	-0.163363
6.08164e-11	-0.162261
6.08365e-11	-0.161162
6.08566e-11	-0.160064
6.08767e-11	-0.158969
6.08969e-11	-0.157876
6.0917e-11	-0.156786
6.09371e-11	-0.155697
6.09572e-11	-0.154611
6.09773e-11	-0.153528
6.09974e-11	-0.152447
6.10175e-11	-0.151368
6.10376e-11	-0.150292
6.10577e-11	-0.149219
6.10778e-11	-0.148147
6.10979e-11	-0.147079
6.1118e-11	-0.146013
6.11381e-11	-0.144949
6.11582e-11	-0.143889
6.11783e-11	-0.14283
6.11984e-11	-0.141775
6.12185e-11	-0.140722
6.12386e-11	-0.139672
6.12587e-11	-0.138624
6.12788e-11	-0.137579
6.12989e-11	-0.136537
6.1319e-11	-0.135498
6.13392e-11	-0.134462
6.13593e-11	-0.133428
6.13794e-11	-0.132397
6.13995e-11	-0.13137
6.14196e-11	-0.130345
6.14397e-11	-0.129322
6.14598e-11	-0.128303
6.14799e-11	-0.127287
6.15e-11	-0.126274
6.15201e-11	-0.125263
6.15402e-11	-0.124256
6.15603e-11	-0.123252
6.15804e-11	-0.12225
6.16005e-11	-0.121252
6.16206e-11	-0.120257
6.16407e-11	-0.119265
6.16608e-11	-0.118276
6.16809e-11	-0.11729
6.1701e-11	-0.116307
6.17211e-11	-0.115328
6.17412e-11	-0.114351
6.17613e-11	-0.113378
6.17815e-11	-0.112408
6.18016e-11	-0.111441
6.18217e-11	-0.110477
6.18418e-11	-0.109517
6.18619e-11	-0.10856
6.1882e-11	-0.107606
6.19021e-11	-0.106655
6.19222e-11	-0.105708
6.19423e-11	-0.104764
6.19624e-11	-0.103823
6.19825e-11	-0.102886
6.20026e-11	-0.101952
6.20227e-11	-0.101021
6.20428e-11	-0.100094
6.20629e-11	-0.0991702
6.2083e-11	-0.0982497
6.21031e-11	-0.0973327
6.21232e-11	-0.096419
6.21433e-11	-0.0955088
6.21634e-11	-0.0946021
6.21835e-11	-0.0936988
6.22036e-11	-0.0927989
6.22238e-11	-0.0919026
6.22439e-11	-0.0910097
6.2264e-11	-0.0901203
6.22841e-11	-0.0892345
6.23042e-11	-0.0883521
6.23243e-11	-0.0874733
6.23444e-11	-0.086598
6.23645e-11	-0.0857263
6.23846e-11	-0.0848581
6.24047e-11	-0.0839935
6.24248e-11	-0.0831325
6.24449e-11	-0.082275
6.2465e-11	-0.0814211
6.24851e-11	-0.0805708
6.25052e-11	-0.0797242
6.25253e-11	-0.0788811
6.25454e-11	-0.0780417
6.25655e-11	-0.0772059
6.25856e-11	-0.0763737
6.26057e-11	-0.0755451
6.26258e-11	-0.0747203
6.2646e-11	-0.073899
6.26661e-11	-0.0730814
6.26862e-11	-0.0722675
6.27063e-11	-0.0714573
6.27264e-11	-0.0706507
6.27465e-11	-0.0698479
6.27666e-11	-0.0690487
6.27867e-11	-0.0682532
6.28068e-11	-0.0674614
6.28269e-11	-0.0666733
6.2847e-11	-0.0658889
6.28671e-11	-0.0651082
6.28872e-11	-0.0643312
6.29073e-11	-0.063558
6.29274e-11	-0.0627885
6.29475e-11	-0.0620227
6.29676e-11	-0.0612606
6.29877e-11	-0.0605023
6.30078e-11	-0.0597477
6.30279e-11	-0.0589968
6.3048e-11	-0.0582497
6.30681e-11	-0.0575063
6.30883e-11	-0.0567667
6.31084e-11	-0.0560308
6.31285e-11	-0.0552987
6.31486e-11	-0.0545703
6.31687e-11	-0.0538457
6.31888e-11	-0.0531248
6.32089e-11	-0.0524077
6.3229e-11	-0.0516944
6.32491e-11	-0.0509848
6.32692e-11	-0.0502789
6.32893e-11	-0.0495769
6.33094e-11	-0.0488785
6.33295e-11	-0.048184
6.33496e-11	-0.0474932
6.33697e-11	-0.0468062
6.33898e-11	-0.0461229
6.34099e-11	-0.0454434
6.343e-11	-0.0447676
6.34501e-11	-0.0440956
6.34702e-11	-0.0434274
6.34903e-11	-0.0427629
6.35104e-11	-0.0421022
6.35306e-11	-0.0414452
6.35507e-11	-0.040792
6.35708e-11	-0.0401426
6.35909e-11	-0.0394969
6.3611e-11	-0.0388549
6.36311e-11	-0.0382167
6.36512e-11	-0.0375822
6.36713e-11	-0.0369515
6.36914e-11	-0.0363245
6.37115e-11	-0.0357012
6.37316e-11	-0.0350817
6.37517e-11	-0.0344659
6.37718e-11	-0.0338539
6.37919e-11	-0.0332455
6.3812e-11	-0.0326409
6.38321e-11	-0.03204
6.38522e-11	-0.0314428
6.38723e-11	-0.0308493
6.38924e-11	-0.0302596
6.39125e-11	-0.0296735
6.39326e-11	-0.0290911
6.39528e-11	-0.0285125
6.39729e-11	-0.0279375
6.3993e-11	-0.0273662
6.40131e-11	-0.0267986
6.40332e-11	-0.0262346
6.40533e-11	-0.0256744
6.40734e-11	-0.0251178
6.40935e-11	-0.0245648
6.41136e-11	-0.0240155
6.41337e-11	-0.0234699
6.41538e-11	-0.0229279
6.41739e-11	-0.0223895
6.4194e-11	-0.0218548
6.42141e-11	-0.0213237
6.42342e-11	-0.0207963
6.42543e-11	-0.0202724
6.42744e-11	-0.0197522
6.42945e-11	-0.0192355
6.43146e-11	-0.0187225
6.43347e-11	-0.018213
6.43548e-11	-0.0177071
6.43749e-11	-0.0172048
6.43951e-11	-0.0167061
6.44152e-11	-0.0162109
6.44353e-11	-0.0157193
6.44554e-11	-0.0152312
6.44755e-11	-0.0147467
6.44956e-11	-0.0142657
6.45157e-11	-0.0137883
6.45358e-11	-0.0133143
6.45559e-11	-0.0128439
6.4576e-11	-0.0123769
6.45961e-11	-0.0119135
6.46162e-11	-0.0114535
6.46363e-11	-0.0109971
6.46564e-11	-0.0105441
6.46765e-11	-0.0100945
6.46966e-11	-0.00964843
6.47167e-11	-0.00920578
6.47368e-11	-0.00876657
6.47569e-11	-0.0083308
6.4777e-11	-0.00789844
6.47971e-11	-0.00746949
6.48172e-11	-0.00704394
6.48374e-11	-0.00662178
6.48575e-11	-0.00620301
6.48776e-11	-0.00578761
6.48977e-11	-0.00537558
6.49178e-11	-0.0049669
6.49379e-11	-0.00456157
6.4958e-11	-0.00415957
6.49781e-11	-0.00376091
6.49982e-11	-0.00336555
6.50183e-11	-0.00297351
6.50384e-11	-0.00258477
6.50585e-11	-0.00219931
6.50786e-11	-0.00181713
6.50987e-11	-0.00143822
6.51188e-11	-0.00106257
6.51389e-11	-0.000690164
6.5159e-11	-0.000320996
6.51791e-11	4.49442e-05
6.51992e-11	0.000407668
6.52193e-11	0.000767185
6.52394e-11	0.00112351
6.52595e-11	0.00147664
6.52797e-11	0.0018266
6.52998e-11	0.0021734
6.53199e-11	0.00251704
6.534e-11	0.00285755
6.53601e-11	0.00319492
6.53802e-11	0.00352917
6.54003e-11	0.00386031
6.54204e-11	0.00418835
6.54405e-11	0.0045133
6.54606e-11	0.00483518
6.54807e-11	0.00515399
6.55008e-11	0.00546975
6.55209e-11	0.00578247
6.5541e-11	0.00609216
6.55611e-11	0.00639882
6.55812e-11	0.00670248
6.56013e-11	0.00700315
6.56214e-11	0.00730082
6.56415e-11	0.00759553
6.56616e-11	0.00788727
6.56817e-11	0.00817606
6.57019e-11	0.00846192
6.5722e-11	0.00874485
6.57421e-11	0.00902486
6.57622e-11	0.00930197
6.57823e-11	0.00957619
6.58024e-11	0.00984753
6.58225e-11	0.010116
6.58426e-11	0.0103816
6.58627e-11	0.0106444
6.58828e-11	0.0109044
6.59029e-11	0.0111615
6.5923e-11	0.0114158
6.59431e-11	0.0116673
6.59632e-11	0.0119161
6.59833e-11	0.0121621
6.60034e-11	0.0124053
6.60235e-11	0.0126458
6.60436e-11	0.0128835
6.60637e-11	0.0131185
6.60838e-11	0.0133509
6.61039e-11	0.0135805
6.6124e-11	0.0138074
6.61442e-11	0.0140317
6.61643e-11	0.0142533
6.61844e-11	0.0144723
6.62045e-11	0.0146886
6.62246e-11	0.0149023
6.62447e-11	0.0151135
6.62648e-11	0.015322
6.62849e-11	0.0155279
6.6305e-11	0.0157313
6.63251e-11	0.0159321
6.63452e-11	0.0161304
6.63653e-11	0.0163261
6.63854e-11	0.0165193
6.64055e-11	0.01671
6.64256e-11	0.0168983
6.64457e-11	0.017084
6.64658e-11	0.0172673
6.64859e-11	0.0174481
6.6506e-11	0.0176265
6.65261e-11	0.0178024
6.65462e-11	0.017976
6.65663e-11	0.0181471
6.65865e-11	0.0183159
6.66066e-11	0.0184823
6.66267e-11	0.0186463
6.66468e-11	0.0188079
6.66669e-11	0.0189673
6.6687e-11	0.0191242
6.67071e-11	0.0192789
6.67272e-11	0.0194313
6.67473e-11	0.0195814
6.67674e-11	0.0197293
6.67875e-11	0.0198748
6.68076e-11	0.0200182
6.68277e-11	0.0201592
6.68478e-11	0.0202981
6.68679e-11	0.0204348
6.6888e-11	0.0205692
6.69081e-11	0.0207015
6.69282e-11	0.0208316
6.69483e-11	0.0209596
6.69684e-11	0.0210854
6.69885e-11	0.0212091
6.70087e-11	0.0213307
6.70288e-11	0.0214501
6.70489e-11	0.0215675
6.7069e-11	0.0216828
6.70891e-11	0.021796
6.71092e-11	0.0219072
6.71293e-11	0.0220164
6.71494e-11	0.0221235
6.71695e-11	0.0222286
6.71896e-11	0.0223317
6.72097e-11	0.0224328
6.72298e-11	0.0225319
6.72499e-11	0.0226291
6.727e-11	0.0227243
6.72901e-11	0.0228176
6.73102e-11	0.0229089
6.73303e-11	0.0229984
6.73504e-11	0.0230859
6.73705e-11	0.0231716
6.73906e-11	0.0232554
6.74107e-11	0.0233373
6.74308e-11	0.0234174
6.7451e-11	0.0234957
6.74711e-11	0.0235721
6.74912e-11	0.0236467
6.75113e-11	0.0237195
6.75314e-11	0.0237906
6.75515e-11	0.0238598
6.75716e-11	0.0239273
6.75917e-11	0.0239931
6.76118e-11	0.0240571
6.76319e-11	0.0241194
6.7652e-11	0.02418
6.76721e-11	0.0242389
6.76922e-11	0.0242961
6.77123e-11	0.0243517
6.77324e-11	0.0244056
6.77525e-11	0.0244578
6.77726e-11	0.0245084
6.77927e-11	0.0245574
6.78128e-11	0.0246048
6.78329e-11	0.0246505
6.7853e-11	0.0246947
6.78731e-11	0.0247373
6.78933e-11	0.0247784
6.79134e-11	0.0248179
6.79335e-11	0.0248559
6.79536e-11	0.0248923
6.79737e-11	0.0249273
6.79938e-11	0.0249607
6.80139e-11	0.0249926
6.8034e-11	0.0250231
6.80541e-11	0.0250521
6.80742e-11	0.0250797
6.80943e-11	0.0251058
6.81144e-11	0.0251305
6.81345e-11	0.0251537
6.81546e-11	0.0251756
6.81747e-11	0.0251961
6.81948e-11	0.0252152
6.82149e-11	0.0252329
6.8235e-11	0.0252493
6.82551e-11	0.0252643
6.82752e-11	0.0252779
6.82953e-11	0.0252903
6.83154e-11	0.0253014
6.83356e-11	0.0253111
6.83557e-11	0.0253196
6.83758e-11	0.0253267
6.83959e-11	0.0253327
6.8416e-11	0.0253373
6.84361e-11	0.0253407
6.84562e-11	0.0253429
6.84763e-11	0.0253439
6.84964e-11	0.0253437
6.85165e-11	0.0253422
6.85366e-11	0.0253396
6.85567e-11	0.0253358
6.85768e-11	0.0253308
6.85969e-11	0.0253247
6.8617e-11	0.0253175
6.86371e-11	0.0253091
6.86572e-11	0.0252995
6.86773e-11	0.0252889
6.86974e-11	0.0252772
6.87175e-11	0.0252644
6.87376e-11	0.0252505
6.87578e-11	0.0252355
6.87779e-11	0.0252195
6.8798e-11	0.0252025
6.88181e-11	0.0251844
6.88382e-11	0.0251653
6.88583e-11	0.0251451
6.88784e-11	0.025124
6.88985e-11	0.0251019
6.89186e-11	0.0250788
6.89387e-11	0.0250547
6.89588e-11	0.0250297
6.89789e-11	0.0250037
6.8999e-11	0.0249767
6.90191e-11	0.0249489
6.90392e-11	0.0249201
6.90593e-11	0.0248904
6.90794e-11	0.0248598
6.90995e-11	0.0248283
6.91196e-11	0.0247959
6.91397e-11	0.0247627
6.91598e-11	0.0247286
6.91799e-11	0.0246936
6.92001e-11	0.0246578
6.92202e-11	0.0246212
6.92403e-11	0.0245838
6.92604e-11	0.0245455
6.92805e-11	0.0245064
6.93006e-11	0.0244666
6.93207e-11	0.0244259
6.93408e-11	0.0243845
6.93609e-11	0.0243423
6.9381e-11	0.0242994
6.94011e-11	0.0242557
6.94212e-11	0.0242113
6.94413e-11	0.0241661
6.94614e-11	0.0241203
6.94815e-11	0.0240737
6.95016e-11	0.0240264
6.95217e-11	0.0239784
6.95418e-11	0.0239298
6.95619e-11	0.0238805
6.9582e-11	0.0238305
6.96021e-11	0.0237798
6.96222e-11	0.0237285
6.96424e-11	0.0236766
6.96625e-11	0.023624
6.96826e-11	0.0235709
6.97027e-11	0.0235171
6.97228e-11	0.0234627
6.97429e-11	0.0234077
6.9763e-11	0.0233521
6.97831e-11	0.0232959
6.98032e-11	0.0232392
6.98233e-11	0.0231819
6.98434e-11	0.0231241
6.98635e-11	0.0230657
6.98836e-11	0.0230068
6.99037e-11	0.0229473
6.99238e-11	0.0228874
6.99439e-11	0.0228269
6.9964e-11	0.0227659
6.99841e-11	0.0227044
7.00042e-11	0.0226424
7.00243e-11	0.02258
7.00444e-11	0.0225171
7.00646e-11	0.0224537
7.00847e-11	0.0223898
7.01048e-11	0.0223255
7.01249e-11	0.0222608
7.0145e-11	0.0221956
7.01651e-11	0.02213
7.01852e-11	0.022064
7.02053e-11	0.0219975
7.02254e-11	0.0219307
7.02455e-11	0.0218635
7.02656e-11	0.0217959
7.02857e-11	0.0217278
7.03058e-11	0.0216595
7.03259e-11	0.0215907
7.0346e-11	0.0215216
7.03661e-11	0.0214521
7.03862e-11	0.0213823
7.04063e-11	0.0213122
7.04264e-11	0.0212417
7.04465e-11	0.0211709
7.04666e-11	0.0210997
7.04867e-11	0.0210283
7.05069e-11	0.0209565
7.0527e-11	0.0208845
7.05471e-11	0.0208121
7.05672e-11	0.0207395
7.05873e-11	0.0206666
7.06074e-11	0.0205934
7.06275e-11	0.02052
7.06476e-11	0.0204463
7.06677e-11	0.0203723
7.06878e-11	0.0202981
7.07079e-11	0.0202236
7.0728e-11	0.0201489
7.07481e-11	0.020074
7.07682e-11	0.0199989
7.07883e-11	0.0199235
7.08084e-11	0.0198479
7.08285e-11	0.0197722
7.08486e-11	0.0196962
7.08687e-11	0.01962
7.08888e-11	0.0195437
7.09089e-11	0.0194672
7.0929e-11	0.0193904
7.09492e-11	0.0193136
7.09693e-11	0.0192365
7.09894e-11	0.0191593
7.10095e-11	0.019082
7.10296e-11	0.0190045
7.10497e-11	0.0189268
7.10698e-11	0.018849
7.10899e-11	0.0187711
7.111e-11	0.0186931
7.11301e-11	0.0186149
7.11502e-11	0.0185367
7.11703e-11	0.0184583
7.11904e-11	0.0183798
7.12105e-11	0.0183012
7.12306e-11	0.0182225
7.12507e-11	0.0181437
7.12708e-11	0.0180649
7.12909e-11	0.0179859
7.1311e-11	0.0179069
7.13311e-11	0.0178279
7.13512e-11	0.0177487
7.13713e-11	0.0176695
7.13915e-11	0.0175902
7.14116e-11	0.0175109
7.14317e-11	0.0174316
7.14518e-11	0.0173522
7.14719e-11	0.0172727
7.1492e-11	0.0171933
7.15121e-11	0.0171138
7.15322e-11	0.0170342
7.15523e-11	0.0169547
7.15724e-11	0.0168751
7.15925e-11	0.0167956
7.16126e-11	0.016716
7.16327e-11	0.0166364
7.16528e-11	0.0165569
7.16729e-11	0.0164773
7.1693e-11	0.0163977
7.17131e-11	0.0163182
7.17332e-11	0.0162387
7.17533e-11	0.0161592
7.17734e-11	0.0160797
7.17935e-11	0.0160003
7.18137e-11	0.0159208
7.18338e-11	0.0158415
7.18539e-11	0.0157622
7.1874e-11	0.0156829
7.18941e-11	0.0156036
7.19142e-11	0.0155245
7.19343e-11	0.0154453
7.19544e-11	0.0153663
7.19745e-11	0.0152873
7.19946e-11	0.0152083
7.20147e-11	0.0151295
7.20348e-11	0.0150507
7.20549e-11	0.014972
7.2075e-11	0.0148934
7.20951e-11	0.0148148
7.21152e-11	0.0147364
7.21353e-11	0.014658
7.21554e-11	0.0145797
7.21755e-11	0.0145015
7.21956e-11	0.0144235
7.22157e-11	0.0143455
7.22358e-11	0.0142676
7.2256e-11	0.0141899
7.22761e-11	0.0141123
7.22962e-11	0.0140347
7.23163e-11	0.0139573
7.23364e-11	0.01388
7.23565e-11	0.0138029
7.23766e-11	0.0137258
7.23967e-11	0.0136489
7.24168e-11	0.0135722
7.24369e-11	0.0134955
7.2457e-11	0.013419
7.24771e-11	0.0133427
7.24972e-11	0.0132665
7.25173e-11	0.0131904
7.25374e-11	0.0131145
7.25575e-11	0.0130387
7.25776e-11	0.0129631
7.25977e-11	0.0128876
7.26178e-11	0.0128123
7.26379e-11	0.0127372
7.2658e-11	0.0126622
7.26781e-11	0.0125874
7.26983e-11	0.0125128
7.27184e-11	0.0124383
7.27385e-11	0.012364
7.27586e-11	0.0122899
7.27787e-11	0.0122159
7.27988e-11	0.0121421
7.28189e-11	0.0120686
7.2839e-11	0.0119951
7.28591e-11	0.0119219
7.28792e-11	0.0118489
7.28993e-11	0.011776
7.29194e-11	0.0117034
7.29395e-11	0.0116309
7.29596e-11	0.0115586
7.29797e-11	0.0114866
7.29998e-11	0.0114147
7.30199e-11	0.011343
7.304e-11	0.0112715
7.30601e-11	0.0112003
7.30802e-11	0.0111292
7.31003e-11	0.0110583
7.31205e-11	0.0109877
7.31406e-11	0.0109172
7.31607e-11	0.010847
7.31808e-11	0.010777
7.32009e-11	0.0107072
7.3221e-11	0.0106376
7.32411e-11	0.0105682
7.32612e-11	0.0104991
7.32813e-11	0.0104301
7.33014e-11	0.0103614
7.33215e-11	0.0102929
7.33416e-11	0.0102247
7.33617e-11	0.0101566
7.33818e-11	0.0100888
7.34019e-11	0.0100212
7.3422e-11	0.00995389
7.34421e-11	0.00988677
7.34622e-11	0.00981988
7.34823e-11	0.00975323
7.35024e-11	0.00968681
7.35225e-11	0.00962062
7.35426e-11	0.00955467
7.35628e-11	0.00948896
7.35829e-11	0.00942349
7.3603e-11	0.00935825
7.36231e-11	0.00929326
7.36432e-11	0.00922851
7.36633e-11	0.009164
7.36834e-11	0.00909973
7.37035e-11	0.00903571
7.37236e-11	0.00897193
7.37437e-11	0.0089084
7.37638e-11	0.00884512
7.37839e-11	0.00878208
7.3804e-11	0.00871929
7.38241e-11	0.00865676
7.38442e-11	0.00859447
7.38643e-11	0.00853243
7.38844e-11	0.00847064
7.39045e-11	0.00840911
7.39246e-11	0.00834782
7.39447e-11	0.00828679
7.39648e-11	0.00822602
7.39849e-11	0.0081655
7.40051e-11	0.00810523
7.40252e-11	0.00804522
7.40453e-11	0.00798546
7.40654e-11	0.00792597
7.40855e-11	0.00786672
7.41056e-11	0.00780774
7.41257e-11	0.00774901
7.41458e-11	0.00769055
7.41659e-11	0.00763234
7.4186e-11	0.00757439
7.42061e-11	0.0075167
7.42262e-11	0.00745927
7.42463e-11	0.0074021
7.42664e-11	0.00734519
7.42865e-11	0.00728854
7.43066e-11	0.00723215
7.43267e-11	0.00717602
7.43468e-11	0.00712016
7.43669e-11	0.00706455
7.4387e-11	0.00700921
7.44071e-11	0.00695413
7.44272e-11	0.00689932
7.44474e-11	0.00684476
7.44675e-11	0.00679047
7.44876e-11	0.00673644
7.45077e-11	0.00668267
7.45278e-11	0.00662917
7.45479e-11	0.00657593
7.4568e-11	0.00652295
7.45881e-11	0.00647024
7.46082e-11	0.00641779
7.46283e-11	0.0063656
7.46484e-11	0.00631367
7.46685e-11	0.00626201
7.46886e-11	0.00621061
7.47087e-11	0.00615948
7.47288e-11	0.0061086
7.47489e-11	0.00605799
7.4769e-11	0.00600765
7.47891e-11	0.00595756
7.48092e-11	0.00590774
7.48293e-11	0.00585818
7.48494e-11	0.00580888
7.48696e-11	0.00575985
7.48897e-11	0.00571107
7.49098e-11	0.00566256
7.49299e-11	0.00561431
7.495e-11	0.00556632
7.49701e-11	0.0055186
7.49902e-11	0.00547113
7.50103e-11	0.00542392
7.50304e-11	0.00537698
7.50505e-11	0.00533029
7.50706e-11	0.00528386
7.50907e-11	0.0052377
7.51108e-11	0.00519179
7.51309e-11	0.00514614
7.5151e-11	0.00510075
7.51711e-11	0.00505561
7.51912e-11	0.00501074
7.52113e-11	0.00496612
7.52314e-11	0.00492176
7.52515e-11	0.00487766
7.52716e-11	0.00483381
7.52917e-11	0.00479022
7.53119e-11	0.00474688
7.5332e-11	0.0047038
7.53521e-11	0.00466097
7.53722e-11	0.00461839
7.53923e-11	0.00457607
7.54124e-11	0.00453401
7.54325e-11	0.00449219
7.54526e-11	0.00445063
7.54727e-11	0.00440932
7.54928e-11	0.00436826
7.55129e-11	0.00432745
7.5533e-11	0.00428689
7.55531e-11	0.00424658
7.55732e-11	0.00420651
7.55933e-11	0.0041667
7.56134e-11	0.00412714
7.56335e-11	0.00408782
7.56536e-11	0.00404875
7.56737e-11	0.00400992
7.56938e-11	0.00397134
7.57139e-11	0.003933
7.5734e-11	0.00389491
7.57542e-11	0.00385706
7.57743e-11	0.00381946
7.57944e-11	0.00378209
7.58145e-11	0.00374497
7.58346e-11	0.00370809
7.58547e-11	0.00367145
7.58748e-11	0.00363505
7.58949e-11	0.00359889
7.5915e-11	0.00356297
7.59351e-11	0.00352728
7.59552e-11	0.00349183
7.59753e-11	0.00345662
7.59954e-11	0.00342164
7.60155e-11	0.0033869
7.60356e-11	0.00335239
7.60557e-11	0.00331811
7.60758e-11	0.00328407
7.60959e-11	0.00325026
7.6116e-11	0.00321668
7.61361e-11	0.00318333
7.61562e-11	0.00315021
7.61764e-11	0.00311732
7.61965e-11	0.00308466
7.62166e-11	0.00305222
7.62367e-11	0.00302001
7.62568e-11	0.00298803
7.62769e-11	0.00295627
7.6297e-11	0.00292474
7.63171e-11	0.00289343
7.63372e-11	0.00286234
7.63573e-11	0.00283147
7.63774e-11	0.00280083
7.63975e-11	0.0027704
7.64176e-11	0.00274019
7.64377e-11	0.00271021
7.64578e-11	0.00268044
7.64779e-11	0.00265089
7.6498e-11	0.00262155
7.65181e-11	0.00259243
7.65382e-11	0.00256352
7.65583e-11	0.00253483
7.65784e-11	0.00250635
7.65985e-11	0.00247808
7.66187e-11	0.00245002
7.66388e-11	0.00242217
7.66589e-11	0.00239453
7.6679e-11	0.0023671
7.66991e-11	0.00233988
7.67192e-11	0.00231286
7.67393e-11	0.00228605
7.67594e-11	0.00225945
7.67795e-11	0.00223305
7.67996e-11	0.00220685
7.68197e-11	0.00218086
7.68398e-11	0.00215506
7.68599e-11	0.00212947
7.688e-11	0.00210408
7.69001e-11	0.00207888
7.69202e-11	0.00205388
7.69403e-11	0.00202908
7.69604e-11	0.00200448
7.69805e-11	0.00198007
7.70006e-11	0.00195586
7.70207e-11	0.00193184
7.70408e-11	0.00190801
7.7061e-11	0.00188437
7.70811e-11	0.00186093
7.71012e-11	0.00183767
7.71213e-11	0.00181461
7.71414e-11	0.00179173
7.71615e-11	0.00176904
7.71816e-11	0.00174653
7.72017e-11	0.00172421
7.72218e-11	0.00170208
7.72419e-11	0.00168013
7.7262e-11	0.00165836
7.72821e-11	0.00163677
7.73022e-11	0.00161536
7.73223e-11	0.00159414
7.73424e-11	0.00157309
7.73625e-11	0.00155222
7.73826e-11	0.00153153
7.74027e-11	0.00151101
7.74228e-11	0.00149067
7.74429e-11	0.0014705
7.7463e-11	0.00145051
7.74831e-11	0.00143069
7.75033e-11	0.00141104
7.75234e-11	0.00139156
7.75435e-11	0.00137225
7.75636e-11	0.00135311
7.75837e-11	0.00133414
7.76038e-11	0.00131534
7.76239e-11	0.0012967
7.7644e-11	0.00127823
7.76641e-11	0.00125992
7.76842e-11	0.00124177
7.77043e-11	0.00122379
7.77244e-11	0.00120597
7.77445e-11	0.00118831
7.77646e-11	0.00117081
7.77847e-11	0.00115347
7.78048e-11	0.00113629
7.78249e-11	0.00111926
7.7845e-11	0.00110239
7.78651e-11	0.00108567
7.78852e-11	0.00106911
7.79053e-11	0.00105271
7.79255e-11	0.00103645
7.79456e-11	0.00102035
7.79657e-11	0.0010044
7.79858e-11	0.000988597
7.80059e-11	0.000972944
7.8026e-11	0.000957439
7.80461e-11	0.000942082
7.80662e-11	0.00092687
7.80863e-11	0.000911804
7.81064e-11	0.000896883
7.81265e-11	0.000882105
7.81466e-11	0.00086747
7.81667e-11	0.000852977
7.81868e-11	0.000838625
7.82069e-11	0.000824413
7.8227e-11	0.000810341
7.82471e-11	0.000796406
7.82672e-11	0.000782609
7.82873e-11	0.000768949
7.83074e-11	0.000755425
7.83275e-11	0.000742035
7.83476e-11	0.000728779
7.83678e-11	0.000715657
7.83879e-11	0.000702666
7.8408e-11	0.000689808
7.84281e-11	0.000677079
7.84482e-11	0.000664481
7.84683e-11	0.000652011
7.84884e-11	0.000639669
7.85085e-11	0.000627454
7.85286e-11	0.000615366
7.85487e-11	0.000603403
7.85688e-11	0.000591564
7.85889e-11	0.00057985
7.8609e-11	0.000568258
7.86291e-11	0.000556788
7.86492e-11	0.00054544
7.86693e-11	0.000534212
7.86894e-11	0.000523103
7.87095e-11	0.000512114
7.87296e-11	0.000501242
7.87497e-11	0.000490487
7.87698e-11	0.000479848
7.87899e-11	0.000469325
7.88101e-11	0.000458917
7.88302e-11	0.000448622
7.88503e-11	0.000438441
7.88704e-11	0.000428371
7.88905e-11	0.000418413
7.89106e-11	0.000408566
7.89307e-11	0.000398829
7.89508e-11	0.0003892
7.89709e-11	0.00037968
7.8991e-11	0.000370267
7.90111e-11	0.00036096
7.90312e-11	0.00035176
7.90513e-11	0.000342665
7.90714e-11	0.000333673
7.90915e-11	0.000324786
7.91116e-11	0.000316001
7.91317e-11	0.000307318
7.91518e-11	0.000298736
7.91719e-11	0.000290255
7.9192e-11	0.000281873
7.92121e-11	0.000273591
7.92323e-11	0.000265406
7.92524e-11	0.000257319
7.92725e-11	0.000249328
7.92926e-11	0.000241434
7.93127e-11	0.000233634
7.93328e-11	0.000225929
7.93529e-11	0.000218318
7.9373e-11	0.000210799
7.93931e-11	0.000203373
7.94132e-11	0.000196038
7.94333e-11	0.000188794
7.94534e-11	0.00018164
7.94735e-11	0.000174576
7.94936e-11	0.0001676
7.95137e-11	0.000160711
7.95338e-11	0.00015391
7.95539e-11	0.000147196
7.9574e-11	0.000140567
7.95941e-11	0.000134023
7.96142e-11	0.000127564
7.96343e-11	0.000121188
7.96544e-11	0.000114896
7.96746e-11	0.000108685
7.96947e-11	0.000102556
7.97148e-11	9.65085e-05
7.97349e-11	9.05409e-05
7.9755e-11	8.46528e-05
7.97751e-11	7.88436e-05
7.97952e-11	7.31127e-05
7.98153e-11	6.74594e-05
7.98354e-11	6.18829e-05
7.98555e-11	5.63827e-05
7.98756e-11	5.09581e-05
7.98957e-11	4.56084e-05
7.99158e-11	4.03331e-05
7.99359e-11	3.51314e-05
7.9956e-11	3.00027e-05
7.99761e-11	2.49463e-05
7.99962e-11	1.99617e-05
8.00163e-11	1.50482e-05
8.00364e-11	1.02052e-05
8.00565e-11	5.432e-06
8.00766e-11	7.28051e-07
8.00967e-11	-3.9073e-06
8.01169e-11	-8.47465e-06
8.0137e-11	-1.29746e-05
8.01571e-11	-1.74078e-05
8.01772e-11	-2.17749e-05
8.01973e-11	-2.60763e-05
8.02174e-11	-3.03128e-05
8.02375e-11	-3.4485e-05
8.02576e-11	-3.85933e-05
8.02777e-11	-4.26385e-05
8.02978e-11	-4.66211e-05
8.03179e-11	-5.05416e-05
8.0338e-11	-5.44007e-05
8.03581e-11	-5.8199e-05
8.03782e-11	-6.19369e-05
8.03983e-11	-6.56151e-05
8.04184e-11	-6.92342e-05
8.04385e-11	-7.27946e-05
8.04586e-11	-7.62971e-05
8.04787e-11	-7.9742e-05
8.04988e-11	-8.313e-05
8.05189e-11	-8.64616e-05
8.0539e-11	-8.97374e-05
8.05592e-11	-9.29579e-05
8.05793e-11	-9.61236e-05
8.05994e-11	-9.92352e-05
8.06195e-11	-0.000102293
8.06396e-11	-0.000105298
8.06597e-11	-0.00010825
8.06798e-11	-0.00011115
8.06999e-11	-0.000113998
8.072e-11	-0.000116795
8.07401e-11	-0.000119542
8.07602e-11	-0.000122239
8.07803e-11	-0.000124886
8.08004e-11	-0.000127484
8.08205e-11	-0.000130034
8.08406e-11	-0.000132535
8.08607e-11	-0.000134989
8.08808e-11	-0.000137396
8.09009e-11	-0.000139756
8.0921e-11	-0.000142071
8.09411e-11	-0.000144339
8.09612e-11	-0.000146563
8.09814e-11	-0.000148742
8.10015e-11	-0.000150876
8.10216e-11	-0.000152967
8.10417e-11	-0.000155015
8.10618e-11	-0.00015702
8.10819e-11	-0.000158983
8.1102e-11	-0.000160903
8.11221e-11	-0.000162783
8.11422e-11	-0.000164621
8.11623e-11	-0.000166419
8.11824e-11	-0.000168177
8.12025e-11	-0.000169895
8.12226e-11	-0.000171574
8.12427e-11	-0.000173214
8.12628e-11	-0.000174816
8.12829e-11	-0.00017638
8.1303e-11	-0.000177906
8.13231e-11	-0.000179395
8.13432e-11	-0.000180848
8.13633e-11	-0.000182265
8.13834e-11	-0.000183645
8.14035e-11	-0.000184991
8.14237e-11	-0.000186301
8.14438e-11	-0.000187577
8.14639e-11	-0.000188818
8.1484e-11	-0.000190026
8.15041e-11	-0.0001912
8.15242e-11	-0.000192341
8.15443e-11	-0.00019345
8.15644e-11	-0.000194526
8.15845e-11	-0.000195571
8.16046e-11	-0.000196584
8.16247e-11	-0.000197566
8.16448e-11	-0.000198517
8.16649e-11	-0.000199438
8.1685e-11	-0.000200329
8.17051e-11	-0.00020119
8.17252e-11	-0.000202022
8.17453e-11	-0.000202826
8.17654e-11	-0.0002036
8.17855e-11	-0.000204347
8.18056e-11	-0.000205065
8.18257e-11	-0.000205756
8.18458e-11	-0.00020642
8.1866e-11	-0.000207058
8.18861e-11	-0.000207668
8.19062e-11	-0.000208253
8.19263e-11	-0.000208812
8.19464e-11	-0.000209345
8.19665e-11	-0.000209854
8.19866e-11	-0.000210337
8.20067e-11	-0.000210796
8.20268e-11	-0.000211231
8.20469e-11	-0.000211643
8.2067e-11	-0.00021203
8.20871e-11	-0.000212395
8.21072e-11	-0.000212736
8.21273e-11	-0.000213055
8.21474e-11	-0.000213352
8.21675e-11	-0.000213626
8.21876e-11	-0.00021388
8.22077e-11	-0.000214111
8.22278e-11	-0.000214322
8.22479e-11	-0.000214512
8.2268e-11	-0.000214681
8.22882e-11	-0.00021483
8.23083e-11	-0.00021496
8.23284e-11	-0.000215069
8.23485e-11	-0.00021516
8.23686e-11	-0.000215231
8.23887e-11	-0.000215283
8.24088e-11	-0.000215317
8.24289e-11	-0.000215333
8.2449e-11	-0.00021533
8.24691e-11	-0.00021531
8.24892e-11	-0.000215273
8.25093e-11	-0.000215218
8.25294e-11	-0.000215147
8.25495e-11	-0.000215058
8.25696e-11	-0.000214954
8.25897e-11	-0.000214833
8.26098e-11	-0.000214696
8.26299e-11	-0.000214544
8.265e-11	-0.000214376
8.26701e-11	-0.000214193
8.26902e-11	-0.000213994
8.27103e-11	-0.000213782
8.27305e-11	-0.000213555
8.27506e-11	-0.000213313
8.27707e-11	-0.000213058
8.27908e-11	-0.000212788
8.28109e-11	-0.000212506
8.2831e-11	-0.00021221
8.28511e-11	-0.0002119
8.28712e-11	-0.000211578
8.28913e-11	-0.000211243
8.29114e-11	-0.000210896
8.29315e-11	-0.000210537
8.29516e-11	-0.000210165
8.29717e-11	-0.000209782
8.29918e-11	-0.000209387
8.30119e-11	-0.000208981
8.3032e-11	-0.000208563
8.30521e-11	-0.000208135
8.30722e-11	-0.000207696
8.30923e-11	-0.000207246
8.31124e-11	-0.000206786
8.31325e-11	-0.000206315
8.31526e-11	-0.000205835
8.31728e-11	-0.000205344
8.31929e-11	-0.000204844
8.3213e-11	-0.000204335
8.32331e-11	-0.000203816
8.32532e-11	-0.000203288
8.32733e-11	-0.000202752
8.32934e-11	-0.000202206
8.33135e-11	-0.000201652
8.33336e-11	-0.00020109
8.33537e-11	-0.00020052
8.33738e-11	-0.000199941
8.33939e-11	-0.000199355
8.3414e-11	-0.00019876
8.34341e-11	-0.000198159
8.34542e-11	-0.00019755
8.34743e-11	-0.000196934
8.34944e-11	-0.00019631
8.35145e-11	-0.00019568
8.35346e-11	-0.000195043
8.35547e-11	-0.0001944
8.35748e-11	-0.00019375
8.35949e-11	-0.000193093
8.36151e-11	-0.000192431
8.36352e-11	-0.000191763
8.36553e-11	-0.000191089
8.36754e-11	-0.000190409
8.36955e-11	-0.000189724
8.37156e-11	-0.000189033
8.37357e-11	-0.000188337
8.37558e-11	-0.000187636
8.37759e-11	-0.000186929
8.3796e-11	-0.000186218
8.38161e-11	-0.000185503
8.38362e-11	-0.000184782
8.38563e-11	-0.000184057
8.38764e-11	-0.000183328
8.38965e-11	-0.000182595
8.39166e-11	-0.000181858
8.39367e-11	-0.000181116
8.39568e-11	-0.000180371
8.39769e-11	-0.000179622
8.3997e-11	-0.00017887
8.40171e-11	-0.000178114
8.40373e-11	-0.000177354
8.40574e-11	-0.000176592
8.40775e-11	-0.000175826
8.40976e-11	-0.000175057
8.41177e-11	-0.000174286
8.41378e-11	-0.000173511
8.41579e-11	-0.000172734
8.4178e-11	-0.000171954
8.41981e-11	-0.000171172
8.42182e-11	-0.000170388
8.42383e-11	-0.000169601
8.42584e-11	-0.000168812
8.42785e-11	-0.000168021
8.42986e-11	-0.000167228
8.43187e-11	-0.000166433
8.43388e-11	-0.000165636
8.43589e-11	-0.000164838
8.4379e-11	-0.000164038
8.43991e-11	-0.000163236
8.44192e-11	-0.000162433
8.44393e-11	-0.000161629
8.44594e-11	-0.000160824
8.44796e-11	-0.000160017
8.44997e-11	-0.00015921
8.45198e-11	-0.000158401
8.45399e-11	-0.000157592
8.456e-11	-0.000156782
8.45801e-11	-0.000155971
8.46002e-11	-0.000155159
8.46203e-11	-0.000154347
8.46404e-11	-0.000153534
8.46605e-11	-0.000152721
8.46806e-11	-0.000151908
8.47007e-11	-0.000151094
8.47208e-11	-0.00015028
8.47409e-11	-0.000149466
8.4761e-11	-0.000148652
8.47811e-11	-0.000147838
8.48012e-11	-0.000147024
8.48213e-11	-0.000146211
8.48414e-11	-0.000145397
8.48615e-11	-0.000144584
8.48816e-11	-0.000143771
8.49017e-11	-0.000142959
8.49219e-11	-0.000142147
8.4942e-11	-0.000141336
8.49621e-11	-0.000140525
8.49822e-11	-0.000139715
8.50023e-11	-0.000138906
8.50224e-11	-0.000138097
8.50425e-11	-0.00013729
8.50626e-11	-0.000136483
8.50827e-11	-0.000135677
8.51028e-11	-0.000134873
8.51229e-11	-0.000134069
8.5143e-11	-0.000133266
8.51631e-11	-0.000132465
8.51832e-11	-0.000131665
8.52033e-11	-0.000130866
8.52234e-11	-0.000130069
8.52435e-11	-0.000129272
8.52636e-11	-0.000128478
8.52837e-11	-0.000127684
8.53038e-11	-0.000126893
8.53239e-11	-0.000126103
8.53441e-11	-0.000125314
8.53642e-11	-0.000124527
8.53843e-11	-0.000123742
8.54044e-11	-0.000122958
8.54245e-11	-0.000122177
8.54446e-11	-0.000121397
8.54647e-11	-0.000120619
8.54848e-11	-0.000119842
8.55049e-11	-0.000119068
8.5525e-11	-0.000118296
8.55451e-11	-0.000117526
8.55652e-11	-0.000116757
8.55853e-11	-0.000115991
8.56054e-11	-0.000115227
8.56255e-11	-0.000114465
