1.00523e-14	-0.00011415
3.01569e-14	-0.000114911
5.02615e-14	-0.000115674
7.03661e-14	-0.000116439
9.04707e-14	-0.000117206
1.10575e-13	-0.000117976
1.3068e-13	-0.000118747
1.50785e-13	-0.000119521
1.70889e-13	-0.000120296
1.90994e-13	-0.000121073
2.11098e-13	-0.000121852
2.31203e-13	-0.000122633
2.51308e-13	-0.000123416
2.71412e-13	-0.000124201
2.91517e-13	-0.000124987
3.11621e-13	-0.000125775
3.31726e-13	-0.000126564
3.51831e-13	-0.000127355
3.71935e-13	-0.000128148
3.9204e-13	-0.000128942
4.12144e-13	-0.000129738
4.32249e-13	-0.000130535
4.52354e-13	-0.000131333
4.72458e-13	-0.000132133
4.92563e-13	-0.000132933
5.12667e-13	-0.000133736
5.32772e-13	-0.000134539
5.52877e-13	-0.000135343
5.72981e-13	-0.000136148
5.93086e-13	-0.000136955
6.1319e-13	-0.000137762
6.33295e-13	-0.00013857
6.534e-13	-0.000139379
6.73504e-13	-0.000140189
6.93609e-13	-0.000140999
7.13713e-13	-0.00014181
7.33818e-13	-0.000142622
7.53923e-13	-0.000143434
7.74027e-13	-0.000144247
7.94132e-13	-0.00014506
8.14237e-13	-0.000145873
8.34341e-13	-0.000146686
8.54446e-13	-0.0001475
8.7455e-13	-0.000148314
8.94655e-13	-0.000149128
9.1476e-13	-0.000149942
9.34864e-13	-0.000150756
9.54969e-13	-0.00015157
9.75073e-13	-0.000152383
9.95178e-13	-0.000153197
1.01528e-12	-0.000154009
1.03539e-12	-0.000154822
1.05549e-12	-0.000155634
1.0756e-12	-0.000156445
1.0957e-12	-0.000157255
1.11581e-12	-0.000158065
1.13591e-12	-0.000158874
1.15601e-12	-0.000159682
1.17612e-12	-0.000160489
1.19622e-12	-0.000161295
1.21633e-12	-0.0001621
1.23643e-12	-0.000162903
1.25654e-12	-0.000163705
1.27664e-12	-0.000164506
1.29675e-12	-0.000165305
1.31685e-12	-0.000166102
1.33696e-12	-0.000166898
1.35706e-12	-0.000167692
1.37717e-12	-0.000168484
1.39727e-12	-0.000169273
1.41737e-12	-0.000170061
1.43748e-12	-0.000170847
1.45758e-12	-0.00017163
1.47769e-12	-0.000172411
1.49779e-12	-0.000173189
1.5179e-12	-0.000173964
1.538e-12	-0.000174737
1.55811e-12	-0.000175507
1.57821e-12	-0.000176274
1.59832e-12	-0.000177038
1.61842e-12	-0.000177799
1.63853e-12	-0.000178556
1.65863e-12	-0.00017931
1.67873e-12	-0.000180061
1.69884e-12	-0.000180807
1.71894e-12	-0.00018155
1.73905e-12	-0.000182289
1.75915e-12	-0.000183024
1.77926e-12	-0.000183755
1.79936e-12	-0.000184482
1.81947e-12	-0.000185204
1.83957e-12	-0.000185922
1.85968e-12	-0.000186635
1.87978e-12	-0.000187343
1.89989e-12	-0.000188046
1.91999e-12	-0.000188744
1.94009e-12	-0.000189437
1.9602e-12	-0.000190125
1.9803e-12	-0.000190807
2.00041e-12	-0.000191484
2.02051e-12	-0.000192154
2.04062e-12	-0.000192819
2.06072e-12	-0.000193478
2.08083e-12	-0.000194131
2.10093e-12	-0.000194777
2.12104e-12	-0.000195416
2.14114e-12	-0.000196049
2.16125e-12	-0.000196676
2.18135e-12	-0.000197295
2.20145e-12	-0.000197907
2.22156e-12	-0.000198512
2.24166e-12	-0.000199109
2.26177e-12	-0.000199698
2.28187e-12	-0.00020028
2.30198e-12	-0.000200854
2.32208e-12	-0.00020142
2.34219e-12	-0.000201977
2.36229e-12	-0.000202526
2.3824e-12	-0.000203067
2.4025e-12	-0.000203598
2.4226e-12	-0.000204121
2.44271e-12	-0.000204634
2.46281e-12	-0.000205138
2.48292e-12	-0.000205632
2.50302e-12	-0.000206117
2.52313e-12	-0.000206591
2.54323e-12	-0.000207056
2.56334e-12	-0.00020751
2.58344e-12	-0.000207954
2.60355e-12	-0.000208387
2.62365e-12	-0.000208809
2.64376e-12	-0.00020922
2.66386e-12	-0.000209619
2.68396e-12	-0.000210008
2.70407e-12	-0.000210384
2.72417e-12	-0.000210748
2.74428e-12	-0.000211101
2.76438e-12	-0.000211441
2.78449e-12	-0.000211768
2.80459e-12	-0.000212083
2.8247e-12	-0.000212384
2.8448e-12	-0.000212673
2.86491e-12	-0.000212947
2.88501e-12	-0.000213209
2.90512e-12	-0.000213456
2.92522e-12	-0.000213689
2.94532e-12	-0.000213908
2.96543e-12	-0.000214112
2.98553e-12	-0.000214301
3.00564e-12	-0.000214476
3.02574e-12	-0.000214635
3.04585e-12	-0.000214778
3.06595e-12	-0.000214905
3.08606e-12	-0.000215017
3.10616e-12	-0.000215112
3.12627e-12	-0.000215191
3.14637e-12	-0.000215252
3.16648e-12	-0.000215297
3.18658e-12	-0.000215324
3.20668e-12	-0.000215334
3.22679e-12	-0.000215326
3.24689e-12	-0.0002153
3.267e-12	-0.000215255
3.2871e-12	-0.000215191
3.30721e-12	-0.000215109
3.32731e-12	-0.000215008
3.34742e-12	-0.000214886
3.36752e-12	-0.000214746
3.38763e-12	-0.000214585
3.40773e-12	-0.000214403
3.42784e-12	-0.000214201
3.44794e-12	-0.000213978
3.46804e-12	-0.000213734
3.48815e-12	-0.000213468
3.50825e-12	-0.000213181
3.52836e-12	-0.000212871
3.54846e-12	-0.000212539
3.56857e-12	-0.000212184
3.58867e-12	-0.000211806
3.60878e-12	-0.000211405
3.62888e-12	-0.00021098
3.64899e-12	-0.000210531
3.66909e-12	-0.000210058
3.6892e-12	-0.00020956
3.7093e-12	-0.000209037
3.7294e-12	-0.000208488
3.74951e-12	-0.000207914
3.76961e-12	-0.000207315
3.78972e-12	-0.000206688
3.80982e-12	-0.000206035
3.82993e-12	-0.000205356
3.85003e-12	-0.000204648
3.87014e-12	-0.000203914
3.89024e-12	-0.000203151
3.91035e-12	-0.000202359
3.93045e-12	-0.000201539
3.95055e-12	-0.00020069
3.97066e-12	-0.000199812
3.99076e-12	-0.000198903
4.01087e-12	-0.000197965
4.03097e-12	-0.000196995
4.05108e-12	-0.000195995
4.07118e-12	-0.000194964
4.09129e-12	-0.000193901
4.11139e-12	-0.000192806
4.1315e-12	-0.000191678
4.1516e-12	-0.000190517
4.17171e-12	-0.000189324
4.19181e-12	-0.000188096
4.21191e-12	-0.000186835
4.23202e-12	-0.000185539
4.25212e-12	-0.000184208
4.27223e-12	-0.000182842
4.29233e-12	-0.000181441
4.31244e-12	-0.000180003
4.33254e-12	-0.000178529
4.35265e-12	-0.000177018
4.37275e-12	-0.00017547
4.39286e-12	-0.000173884
4.41296e-12	-0.00017226
4.43307e-12	-0.000170597
4.45317e-12	-0.000168895
4.47327e-12	-0.000167154
4.49338e-12	-0.000165373
4.51348e-12	-0.000163551
4.53359e-12	-0.000161689
4.55369e-12	-0.000159785
4.5738e-12	-0.00015784
4.5939e-12	-0.000155853
4.61401e-12	-0.000153823
4.63411e-12	-0.00015175
4.65422e-12	-0.000149633
4.67432e-12	-0.000147473
4.69443e-12	-0.000145268
4.71453e-12	-0.000143018
4.73463e-12	-0.000140723
4.75474e-12	-0.000138382
4.77484e-12	-0.000135994
4.79495e-12	-0.00013356
4.81505e-12	-0.000131078
4.83516e-12	-0.000128549
4.85526e-12	-0.000125971
4.87537e-12	-0.000123344
4.89547e-12	-0.000120668
4.91558e-12	-0.000117942
4.93568e-12	-0.000115166
4.95579e-12	-0.000112339
4.97589e-12	-0.00010946
4.99599e-12	-0.00010653
5.0161e-12	-0.000103547
5.0362e-12	-0.000100511
5.05631e-12	-9.74222e-05
5.07641e-12	-9.42791e-05
5.09652e-12	-9.10814e-05
5.11662e-12	-8.78286e-05
5.13673e-12	-8.45203e-05
5.15683e-12	-8.11557e-05
5.17694e-12	-7.77345e-05
5.19704e-12	-7.4256e-05
5.21715e-12	-7.07197e-05
5.23725e-12	-6.71251e-05
5.25735e-12	-6.34715e-05
5.27746e-12	-5.97584e-05
5.29756e-12	-5.59853e-05
5.31767e-12	-5.21515e-05
5.33777e-12	-4.82566e-05
5.35788e-12	-4.42998e-05
5.37798e-12	-4.02807e-05
5.39809e-12	-3.61987e-05
5.41819e-12	-3.20531e-05
5.4383e-12	-2.78434e-05
5.4584e-12	-2.3569e-05
5.47851e-12	-1.92292e-05
5.49861e-12	-1.48236e-05
5.51871e-12	-1.03514e-05
5.53882e-12	-5.8121e-06
5.55892e-12	-1.20507e-06
5.57903e-12	3.47032e-06
5.59913e-12	8.21468e-06
5.61924e-12	1.30286e-05
5.63934e-12	1.79128e-05
5.65945e-12	2.28678e-05
5.67955e-12	2.78943e-05
5.69966e-12	3.29929e-05
5.71976e-12	3.81642e-05
5.73986e-12	4.34089e-05
5.75997e-12	4.87276e-05
5.78007e-12	5.4121e-05
5.80018e-12	5.95897e-05
5.82028e-12	6.51344e-05
5.84039e-12	7.07558e-05
5.86049e-12	7.64544e-05
5.8806e-12	8.2231e-05
5.9007e-12	8.80862e-05
5.92081e-12	9.40207e-05
5.94091e-12	0.000100035
5.96102e-12	0.00010613
5.98112e-12	0.000112307
6.00122e-12	0.000118565
6.02133e-12	0.000124906
6.04143e-12	0.000131331
6.06154e-12	0.00013784
6.08164e-12	0.000144433
6.10175e-12	0.000151112
6.12185e-12	0.000157877
6.14196e-12	0.000164729
6.16206e-12	0.000171668
6.18217e-12	0.000178696
6.20227e-12	0.000185813
6.22238e-12	0.000193019
6.24248e-12	0.000200316
6.26258e-12	0.000207704
6.28269e-12	0.000215185
6.30279e-12	0.000222757
6.3229e-12	0.000230423
6.343e-12	0.000238184
6.36311e-12	0.000246039
6.38321e-12	0.000253989
6.40332e-12	0.000262036
6.42342e-12	0.00027018
6.44353e-12	0.000278422
6.46363e-12	0.000286762
6.48374e-12	0.000295202
6.50384e-12	0.000303742
6.52394e-12	0.000312383
6.54405e-12	0.000321125
6.56415e-12	0.00032997
6.58426e-12	0.000338918
6.60436e-12	0.00034797
6.62447e-12	0.000357127
6.64457e-12	0.000366389
6.66468e-12	0.000375758
6.68478e-12	0.000385234
6.70489e-12	0.000394817
6.72499e-12	0.000404509
6.7451e-12	0.000414311
6.7652e-12	0.000424223
6.7853e-12	0.000434246
6.80541e-12	0.000444381
6.82551e-12	0.000454628
6.84562e-12	0.000464989
6.86572e-12	0.000475465
6.88583e-12	0.000486055
6.90593e-12	0.000496762
6.92604e-12	0.000507585
6.94614e-12	0.000518525
6.96625e-12	0.000529584
6.98635e-12	0.000540763
7.00646e-12	0.000552061
7.02656e-12	0.00056348
7.04666e-12	0.000575021
7.06677e-12	0.000586685
7.08687e-12	0.000598472
7.10698e-12	0.000610383
7.12708e-12	0.000622419
7.14719e-12	0.000634581
7.16729e-12	0.00064687
7.1874e-12	0.000659287
7.2075e-12	0.000671832
7.22761e-12	0.000684506
7.24771e-12	0.000697311
7.26781e-12	0.000710246
7.28792e-12	0.000723314
7.30802e-12	0.000736514
7.32813e-12	0.000749848
7.34823e-12	0.000763317
7.36834e-12	0.00077692
7.38844e-12	0.00079066
7.40855e-12	0.000804538
7.42865e-12	0.000818553
7.44876e-12	0.000832707
7.46886e-12	0.000847001
7.48897e-12	0.000861435
7.50907e-12	0.000876011
7.52917e-12	0.000890729
7.54928e-12	0.000905591
7.56938e-12	0.000920597
7.58949e-12	0.000935747
7.60959e-12	0.000951044
7.6297e-12	0.000966488
7.6498e-12	0.000982079
7.66991e-12	0.000997819
7.69001e-12	0.00101371
7.71012e-12	0.00102975
7.73022e-12	0.00104594
7.75033e-12	0.00106228
7.77043e-12	0.00107878
7.79053e-12	0.00109543
7.81064e-12	0.00111224
7.83074e-12	0.0011292
7.85085e-12	0.00114631
7.87095e-12	0.00116359
7.89106e-12	0.00118102
7.91116e-12	0.00119862
7.93127e-12	0.00121637
7.95137e-12	0.00123429
7.97148e-12	0.00125236
7.99158e-12	0.0012706
8.01169e-12	0.00128901
8.03179e-12	0.00130758
8.05189e-12	0.00132631
8.072e-12	0.00134522
8.0921e-12	0.00136428
8.11221e-12	0.00138352
8.13231e-12	0.00140293
8.15242e-12	0.00142251
8.17252e-12	0.00144226
8.19263e-12	0.00146218
8.21273e-12	0.00148227
8.23284e-12	0.00150254
8.25294e-12	0.00152299
8.27305e-12	0.0015436
8.29315e-12	0.0015644
8.31325e-12	0.00158537
8.33336e-12	0.00160653
8.35346e-12	0.00162786
8.37357e-12	0.00164937
8.39367e-12	0.00167106
8.41378e-12	0.00169294
8.43388e-12	0.001715
8.45399e-12	0.00173724
8.47409e-12	0.00175967
8.4942e-12	0.00178228
8.5143e-12	0.00180508
8.53441e-12	0.00182807
8.55451e-12	0.00185125
8.57461e-12	0.00187462
8.59472e-12	0.00189817
8.61482e-12	0.00192192
8.63493e-12	0.00194586
8.65503e-12	0.00196999
8.67514e-12	0.00199432
8.69524e-12	0.00201884
8.71535e-12	0.00204356
8.73545e-12	0.00206848
8.75556e-12	0.00209359
8.77566e-12	0.0021189
8.79576e-12	0.00214441
8.81587e-12	0.00217012
8.83597e-12	0.00219603
8.85608e-12	0.00222215
8.87618e-12	0.00224846
8.89629e-12	0.00227498
8.91639e-12	0.00230171
8.9365e-12	0.00232864
8.9566e-12	0.00235577
8.97671e-12	0.00238312
8.99681e-12	0.00241067
9.01692e-12	0.00243843
9.03702e-12	0.0024664
9.05712e-12	0.00249458
9.07723e-12	0.00252297
9.09733e-12	0.00255158
9.11744e-12	0.0025804
9.13754e-12	0.00260943
9.15765e-12	0.00263868
9.17775e-12	0.00266814
9.19786e-12	0.00269782
9.21796e-12	0.00272772
9.23807e-12	0.00275783
9.25817e-12	0.00278817
9.27828e-12	0.00281872
9.29838e-12	0.00284949
9.31848e-12	0.00288049
9.33859e-12	0.00291171
9.35869e-12	0.00294315
9.3788e-12	0.00297481
9.3989e-12	0.0030067
9.41901e-12	0.00303882
9.43911e-12	0.00307116
9.45922e-12	0.00310373
9.47932e-12	0.00313653
9.49943e-12	0.00316955
9.51953e-12	0.0032028
9.53964e-12	0.00323629
9.55974e-12	0.00327
9.57984e-12	0.00330395
9.59995e-12	0.00333813
9.62005e-12	0.00337254
9.64016e-12	0.00340719
9.66026e-12	0.00344207
9.68037e-12	0.00347718
9.70047e-12	0.00351253
9.72058e-12	0.00354812
9.74068e-12	0.00358394
9.76079e-12	0.00362001
9.78089e-12	0.00365631
9.801e-12	0.00369285
9.8211e-12	0.00372963
9.8412e-12	0.00376665
9.86131e-12	0.00380391
9.88141e-12	0.00384142
9.90152e-12	0.00387916
9.92162e-12	0.00391716
9.94173e-12	0.00395539
9.96183e-12	0.00399387
9.98194e-12	0.00403259
1.0002e-11	0.00407156
1.00221e-11	0.00411078
1.00423e-11	0.00415024
1.00624e-11	0.00418995
1.00825e-11	0.00422991
1.01026e-11	0.00427012
1.01227e-11	0.00431057
1.01428e-11	0.00435128
1.01629e-11	0.00439224
1.0183e-11	0.00443344
1.02031e-11	0.0044749
1.02232e-11	0.00451661
1.02433e-11	0.00455857
1.02634e-11	0.00460079
1.02835e-11	0.00464326
1.03036e-11	0.00468598
1.03237e-11	0.00472896
1.03438e-11	0.00477219
1.03639e-11	0.00481568
1.0384e-11	0.00485942
1.04041e-11	0.00490342
1.04242e-11	0.00494767
1.04443e-11	0.00499218
1.04644e-11	0.00503695
1.04846e-11	0.00508197
1.05047e-11	0.00512726
1.05248e-11	0.0051728
1.05449e-11	0.0052186
1.0565e-11	0.00526466
1.05851e-11	0.00531098
1.06052e-11	0.00535756
1.06253e-11	0.0054044
1.06454e-11	0.00545149
1.06655e-11	0.00549885
1.06856e-11	0.00554647
1.07057e-11	0.00559435
1.07258e-11	0.0056425
1.07459e-11	0.0056909
1.0766e-11	0.00573956
1.07861e-11	0.00578849
1.08062e-11	0.00583768
1.08263e-11	0.00588713
1.08464e-11	0.00593684
1.08665e-11	0.00598682
1.08866e-11	0.00603706
1.09067e-11	0.00608756
1.09269e-11	0.00613832
1.0947e-11	0.00618935
1.09671e-11	0.00624064
1.09872e-11	0.00629219
1.10073e-11	0.00634401
1.10274e-11	0.00639608
1.10475e-11	0.00644843
1.10676e-11	0.00650103
1.10877e-11	0.0065539
1.11078e-11	0.00660703
1.11279e-11	0.00666042
1.1148e-11	0.00671408
1.11681e-11	0.006768
1.11882e-11	0.00682219
1.12083e-11	0.00687663
1.12284e-11	0.00693134
1.12485e-11	0.00698631
1.12686e-11	0.00704154
1.12887e-11	0.00709704
1.13088e-11	0.00715279
1.13289e-11	0.00720881
1.1349e-11	0.00726509
1.13692e-11	0.00732163
1.13893e-11	0.00737843
1.14094e-11	0.0074355
1.14295e-11	0.00749282
1.14496e-11	0.0075504
1.14697e-11	0.00760824
1.14898e-11	0.00766634
1.15099e-11	0.0077247
1.153e-11	0.00778332
1.15501e-11	0.0078422
1.15702e-11	0.00790133
1.15903e-11	0.00796073
1.16104e-11	0.00802037
1.16305e-11	0.00808028
1.16506e-11	0.00814044
1.16707e-11	0.00820085
1.16908e-11	0.00826153
1.17109e-11	0.00832245
1.1731e-11	0.00838363
1.17511e-11	0.00844506
1.17712e-11	0.00850674
1.17914e-11	0.00856868
1.18115e-11	0.00863086
1.18316e-11	0.0086933
1.18517e-11	0.00875598
1.18718e-11	0.00881891
1.18919e-11	0.00888209
1.1912e-11	0.00894552
1.19321e-11	0.0090092
1.19522e-11	0.00907312
1.19723e-11	0.00913728
1.19924e-11	0.00920169
1.20125e-11	0.00926634
1.20326e-11	0.00933123
1.20527e-11	0.00939637
1.20728e-11	0.00946174
1.20929e-11	0.00952736
1.2113e-11	0.00959321
1.21331e-11	0.00965929
1.21532e-11	0.00972562
1.21733e-11	0.00979218
1.21934e-11	0.00985897
1.22135e-11	0.00992599
1.22337e-11	0.00999325
1.22538e-11	0.0100607
1.22739e-11	0.0101284
1.2294e-11	0.0101964
1.23141e-11	0.0102646
1.23342e-11	0.010333
1.23543e-11	0.0104016
1.23744e-11	0.0104704
1.23945e-11	0.0105395
1.24146e-11	0.0106088
1.24347e-11	0.0106782
1.24548e-11	0.010748
1.24749e-11	0.0108179
1.2495e-11	0.010888
1.25151e-11	0.0109584
1.25352e-11	0.011029
1.25553e-11	0.0110997
1.25754e-11	0.0111707
1.25955e-11	0.0112419
1.26156e-11	0.0113133
1.26357e-11	0.0113849
1.26558e-11	0.0114567
1.2676e-11	0.0115287
1.26961e-11	0.0116009
1.27162e-11	0.0116733
1.27363e-11	0.0117458
1.27564e-11	0.0118186
1.27765e-11	0.0118916
1.27966e-11	0.0119647
1.28167e-11	0.012038
1.28368e-11	0.0121116
1.28569e-11	0.0121853
1.2877e-11	0.0122591
1.28971e-11	0.0123332
1.29172e-11	0.0124074
1.29373e-11	0.0124818
1.29574e-11	0.0125564
1.29775e-11	0.0126311
1.29976e-11	0.0127061
1.30177e-11	0.0127811
1.30378e-11	0.0128564
1.30579e-11	0.0129317
1.3078e-11	0.0130073
1.30982e-11	0.013083
1.31183e-11	0.0131589
1.31384e-11	0.0132349
1.31585e-11	0.013311
1.31786e-11	0.0133873
1.31987e-11	0.0134638
1.32188e-11	0.0135403
1.32389e-11	0.013617
1.3259e-11	0.0136939
1.32791e-11	0.0137709
1.32992e-11	0.013848
1.33193e-11	0.0139252
1.33394e-11	0.0140026
1.33595e-11	0.01408
1.33796e-11	0.0141576
1.33997e-11	0.0142353
1.34198e-11	0.0143132
1.34399e-11	0.0143911
1.346e-11	0.0144691
1.34801e-11	0.0145472
1.35002e-11	0.0146255
1.35203e-11	0.0147038
1.35405e-11	0.0147822
1.35606e-11	0.0148607
1.35807e-11	0.0149393
1.36008e-11	0.015018
1.36209e-11	0.0150968
1.3641e-11	0.0151756
1.36611e-11	0.0152545
1.36812e-11	0.0153335
1.37013e-11	0.0154125
1.37214e-11	0.0154916
1.37415e-11	0.0155707
1.37616e-11	0.01565
1.37817e-11	0.0157292
1.38018e-11	0.0158085
1.38219e-11	0.0158879
1.3842e-11	0.0159673
1.38621e-11	0.0160467
1.38822e-11	0.0161262
1.39023e-11	0.0162057
1.39224e-11	0.0162852
1.39425e-11	0.0163647
1.39626e-11	0.0164443
1.39828e-11	0.0165238
1.40029e-11	0.0166034
1.4023e-11	0.016683
1.40431e-11	0.0167625
1.40632e-11	0.0168421
1.40833e-11	0.0169217
1.41034e-11	0.0170012
1.41235e-11	0.0170807
1.41436e-11	0.0171602
1.41637e-11	0.0172397
1.41838e-11	0.0173192
1.42039e-11	0.0173986
1.4224e-11	0.017478
1.42441e-11	0.0175573
1.42642e-11	0.0176366
1.42843e-11	0.0177158
1.43044e-11	0.017795
1.43245e-11	0.0178741
1.43446e-11	0.0179531
1.43647e-11	0.0180321
1.43848e-11	0.018111
1.44049e-11	0.0181898
1.44251e-11	0.0182685
1.44452e-11	0.0183472
1.44653e-11	0.0184257
1.44854e-11	0.0185041
1.45055e-11	0.0185824
1.45256e-11	0.0186606
1.45457e-11	0.0187387
1.45658e-11	0.0188167
1.45859e-11	0.0188945
1.4606e-11	0.0189722
1.46261e-11	0.0190498
1.46462e-11	0.0191272
1.46663e-11	0.0192045
1.46864e-11	0.0192816
1.47065e-11	0.0193585
1.47266e-11	0.0194353
1.47467e-11	0.0195119
1.47668e-11	0.0195884
1.47869e-11	0.0196646
1.4807e-11	0.0197407
1.48271e-11	0.0198165
1.48473e-11	0.0198922
1.48674e-11	0.0199676
1.48875e-11	0.0200428
1.49076e-11	0.0201178
1.49277e-11	0.0201926
1.49478e-11	0.0202672
1.49679e-11	0.0203415
1.4988e-11	0.0204156
1.50081e-11	0.0204894
1.50282e-11	0.0205629
1.50483e-11	0.0206362
1.50684e-11	0.0207093
1.50885e-11	0.020782
1.51086e-11	0.0208545
1.51287e-11	0.0209266
1.51488e-11	0.0209985
1.51689e-11	0.0210701
1.5189e-11	0.0211414
1.52091e-11	0.0212123
1.52292e-11	0.0212829
1.52493e-11	0.0213532
1.52694e-11	0.0214232
1.52896e-11	0.0214928
1.53097e-11	0.0215621
1.53298e-11	0.021631
1.53499e-11	0.0216995
1.537e-11	0.0217677
1.53901e-11	0.0218354
1.54102e-11	0.0219028
1.54303e-11	0.0219698
1.54504e-11	0.0220364
1.54705e-11	0.0221026
1.54906e-11	0.0221684
1.55107e-11	0.0222338
1.55308e-11	0.0222987
1.55509e-11	0.0223632
1.5571e-11	0.0224272
1.55911e-11	0.0224908
1.56112e-11	0.0225539
1.56313e-11	0.0226166
1.56514e-11	0.0226787
1.56715e-11	0.0227404
1.56916e-11	0.0228016
1.57117e-11	0.0228623
1.57319e-11	0.0229225
1.5752e-11	0.0229822
1.57721e-11	0.0230413
1.57922e-11	0.0230999
1.58123e-11	0.023158
1.58324e-11	0.0232155
1.58525e-11	0.0232725
1.58726e-11	0.0233289
1.58927e-11	0.0233847
1.59128e-11	0.0234399
1.59329e-11	0.0234946
1.5953e-11	0.0235486
1.59731e-11	0.023602
1.59932e-11	0.0236549
1.60133e-11	0.023707
1.60334e-11	0.0237586
1.60535e-11	0.0238095
1.60736e-11	0.0238598
1.60937e-11	0.0239094
1.61138e-11	0.0239583
1.61339e-11	0.0240066
1.61541e-11	0.0240541
1.61742e-11	0.024101
1.61943e-11	0.0241472
1.62144e-11	0.0241926
1.62345e-11	0.0242373
1.62546e-11	0.0242813
1.62747e-11	0.0243246
1.62948e-11	0.0243671
1.63149e-11	0.0244088
1.6335e-11	0.0244498
1.63551e-11	0.02449
1.63752e-11	0.0245294
1.63953e-11	0.024568
1.64154e-11	0.0246058
1.64355e-11	0.0246427
1.64556e-11	0.0246789
1.64757e-11	0.0247142
1.64958e-11	0.0247486
1.65159e-11	0.0247822
1.6536e-11	0.024815
1.65561e-11	0.0248468
1.65762e-11	0.0248778
1.65964e-11	0.0249079
1.66165e-11	0.024937
1.66366e-11	0.0249653
1.66567e-11	0.0249926
1.66768e-11	0.025019
1.66969e-11	0.0250444
1.6717e-11	0.0250689
1.67371e-11	0.0250924
1.67572e-11	0.0251149
1.67773e-11	0.0251365
1.67974e-11	0.025157
1.68175e-11	0.0251766
1.68376e-11	0.0251951
1.68577e-11	0.0252126
1.68778e-11	0.025229
1.68979e-11	0.0252444
1.6918e-11	0.0252588
1.69381e-11	0.025272
1.69582e-11	0.0252842
1.69783e-11	0.0252953
1.69984e-11	0.0253052
1.70185e-11	0.0253141
1.70387e-11	0.0253218
1.70588e-11	0.0253284
1.70789e-11	0.0253339
1.7099e-11	0.0253382
1.71191e-11	0.0253413
1.71392e-11	0.0253432
1.71593e-11	0.0253439
1.71794e-11	0.0253435
1.71995e-11	0.0253418
1.72196e-11	0.0253389
1.72397e-11	0.0253348
1.72598e-11	0.0253294
1.72799e-11	0.0253227
1.73e-11	0.0253148
1.73201e-11	0.0253056
1.73402e-11	0.0252951
1.73603e-11	0.0252832
1.73804e-11	0.0252701
1.74005e-11	0.0252557
1.74206e-11	0.0252398
1.74407e-11	0.0252227
1.74608e-11	0.0252042
1.7481e-11	0.0251843
1.75011e-11	0.025163
1.75212e-11	0.0251403
1.75413e-11	0.0251162
1.75614e-11	0.0250907
1.75815e-11	0.0250637
1.76016e-11	0.0250353
1.76217e-11	0.0250055
1.76418e-11	0.0249741
1.76619e-11	0.0249413
1.7682e-11	0.024907
1.77021e-11	0.0248712
1.77222e-11	0.0248339
1.77423e-11	0.024795
1.77624e-11	0.0247546
1.77825e-11	0.0247126
1.78026e-11	0.0246691
1.78227e-11	0.024624
1.78428e-11	0.0245773
1.78629e-11	0.0245289
1.7883e-11	0.024479
1.79032e-11	0.0244275
1.79233e-11	0.0243743
1.79434e-11	0.0243194
1.79635e-11	0.0242629
1.79836e-11	0.0242047
1.80037e-11	0.0241448
1.80238e-11	0.0240832
1.80439e-11	0.0240199
1.8064e-11	0.0239549
1.80841e-11	0.0238881
1.81042e-11	0.0238195
1.81243e-11	0.0237492
1.81444e-11	0.0236772
1.81645e-11	0.0236033
1.81846e-11	0.0235276
1.82047e-11	0.0234501
1.82248e-11	0.0233708
1.82449e-11	0.0232896
1.8265e-11	0.0232066
1.82851e-11	0.0231217
1.83052e-11	0.023035
1.83253e-11	0.0229463
1.83455e-11	0.0228557
1.83656e-11	0.0227633
1.83857e-11	0.0226689
1.84058e-11	0.0225725
1.84259e-11	0.0224742
1.8446e-11	0.0223739
1.84661e-11	0.0222716
1.84862e-11	0.0221674
1.85063e-11	0.0220611
1.85264e-11	0.0219528
1.85465e-11	0.0218425
1.85666e-11	0.0217301
1.85867e-11	0.0216156
1.86068e-11	0.0214991
1.86269e-11	0.0213805
1.8647e-11	0.0212598
1.86671e-11	0.021137
1.86872e-11	0.0210121
1.87073e-11	0.020885
1.87274e-11	0.0207558
1.87475e-11	0.0206244
1.87676e-11	0.0204909
1.87878e-11	0.0203551
1.88079e-11	0.0202172
1.8828e-11	0.020077
1.88481e-11	0.0199346
1.88682e-11	0.01979
1.88883e-11	0.0196431
1.89084e-11	0.0194939
1.89285e-11	0.0193425
1.89486e-11	0.0191888
1.89687e-11	0.0190327
1.89888e-11	0.0188744
1.90089e-11	0.0187137
1.9029e-11	0.0185506
1.90491e-11	0.0183853
1.90692e-11	0.0182175
1.90893e-11	0.0180473
1.91094e-11	0.0178748
1.91295e-11	0.0176999
1.91496e-11	0.0175225
1.91697e-11	0.0173427
1.91898e-11	0.0171604
1.921e-11	0.0169757
1.92301e-11	0.0167885
1.92502e-11	0.0165988
1.92703e-11	0.0164066
1.92904e-11	0.0162119
1.93105e-11	0.0160147
1.93306e-11	0.015815
1.93507e-11	0.0156127
1.93708e-11	0.0154078
1.93909e-11	0.0152004
1.9411e-11	0.0149903
1.94311e-11	0.0147777
1.94512e-11	0.0145624
1.94713e-11	0.0143446
1.94914e-11	0.014124
1.95115e-11	0.0139009
1.95316e-11	0.013675
1.95517e-11	0.0134465
1.95718e-11	0.0132153
1.95919e-11	0.0129814
1.9612e-11	0.0127448
1.96321e-11	0.0125055
1.96523e-11	0.0122634
1.96724e-11	0.0120186
1.96925e-11	0.011771
1.97126e-11	0.0115206
1.97327e-11	0.0112674
1.97528e-11	0.0110115
1.97729e-11	0.0107527
1.9793e-11	0.0104911
1.98131e-11	0.0102267
1.98332e-11	0.00995936
1.98533e-11	0.00968921
1.98734e-11	0.00941619
1.98935e-11	0.00914028
1.99136e-11	0.00886147
1.99337e-11	0.00857976
1.99538e-11	0.00829512
1.99739e-11	0.00800755
1.9994e-11	0.00771703
2.00141e-11	0.00742356
2.00342e-11	0.00712712
2.00543e-11	0.0068277
2.00744e-11	0.00652528
2.00946e-11	0.00621987
2.01147e-11	0.00591144
2.01348e-11	0.00559998
2.01549e-11	0.00528548
2.0175e-11	0.00496794
2.01951e-11	0.00464734
2.02152e-11	0.00432366
2.02353e-11	0.0039969
2.02554e-11	0.00366705
2.02755e-11	0.00333409
2.02956e-11	0.00299802
2.03157e-11	0.00265882
2.03358e-11	0.00231648
2.03559e-11	0.00197099
2.0376e-11	0.00162235
2.03961e-11	0.00127053
2.04162e-11	0.000915534
2.04363e-11	0.000557345
2.04564e-11	0.000195955
2.04765e-11	-0.000168649
2.04966e-11	-0.000536475
2.05167e-11	-0.000907534
2.05369e-11	-0.00128184
2.0557e-11	-0.00165939
2.05771e-11	-0.00204021
2.05972e-11	-0.00242431
2.06173e-11	-0.00281169
2.06374e-11	-0.00320236
2.06575e-11	-0.00359633
2.06776e-11	-0.00399362
2.06977e-11	-0.00439424
2.07178e-11	-0.00479818
2.07379e-11	-0.00520547
2.0758e-11	-0.00561611
2.07781e-11	-0.00603011
2.07982e-11	-0.00644748
2.08183e-11	-0.00686823
2.08384e-11	-0.00729236
2.08585e-11	-0.0077199
2.08786e-11	-0.00815084
2.08987e-11	-0.0085852
2.09188e-11	-0.00902299
2.09389e-11	-0.0094642
2.09591e-11	-0.00990886
2.09792e-11	-0.010357
2.09993e-11	-0.0108085
2.10194e-11	-0.0112636
2.10395e-11	-0.0117221
2.10596e-11	-0.0121841
2.10797e-11	-0.0126496
2.10998e-11	-0.0131185
2.11199e-11	-0.013591
2.114e-11	-0.014067
2.11601e-11	-0.0145466
2.11802e-11	-0.0150296
2.12003e-11	-0.0155162
2.12204e-11	-0.0160063
2.12405e-11	-0.0165
2.12606e-11	-0.0169973
2.12807e-11	-0.0174981
2.13008e-11	-0.0180025
2.13209e-11	-0.0185105
2.1341e-11	-0.019022
2.13611e-11	-0.0195372
2.13812e-11	-0.0200559
2.14014e-11	-0.0205783
2.14215e-11	-0.0211043
2.14416e-11	-0.0216338
2.14617e-11	-0.0221671
2.14818e-11	-0.0227039
2.15019e-11	-0.0232444
2.1522e-11	-0.0237885
2.15421e-11	-0.0243363
2.15622e-11	-0.0248877
2.15823e-11	-0.0254428
2.16024e-11	-0.0260015
2.16225e-11	-0.026564
2.16426e-11	-0.02713
2.16627e-11	-0.0276998
2.16828e-11	-0.0282733
2.17029e-11	-0.0288504
2.1723e-11	-0.0294312
2.17431e-11	-0.0300158
2.17632e-11	-0.030604
2.17833e-11	-0.0311959
2.18034e-11	-0.0317916
2.18235e-11	-0.0323909
2.18437e-11	-0.032994
2.18638e-11	-0.0336008
2.18839e-11	-0.0342113
2.1904e-11	-0.0348256
2.19241e-11	-0.0354435
2.19442e-11	-0.0360652
2.19643e-11	-0.0366907
2.19844e-11	-0.0373199
2.20045e-11	-0.0379528
2.20246e-11	-0.0385894
2.20447e-11	-0.0392298
2.20648e-11	-0.039874
2.20849e-11	-0.0405219
2.2105e-11	-0.0411735
2.21251e-11	-0.041829
2.21452e-11	-0.0424881
2.21653e-11	-0.043151
2.21854e-11	-0.0438177
2.22055e-11	-0.0444881
2.22256e-11	-0.0451623
2.22457e-11	-0.0458403
2.22659e-11	-0.046522
2.2286e-11	-0.0472075
2.23061e-11	-0.0478967
2.23262e-11	-0.0485897
2.23463e-11	-0.0492864
2.23664e-11	-0.0499869
2.23865e-11	-0.0506912
2.24066e-11	-0.0513992
2.24267e-11	-0.052111
2.24468e-11	-0.0528266
2.24669e-11	-0.0535459
2.2487e-11	-0.054269
2.25071e-11	-0.0549958
2.25272e-11	-0.0557263
2.25473e-11	-0.0564607
2.25674e-11	-0.0571987
2.25875e-11	-0.0579406
2.26076e-11	-0.0586861
2.26277e-11	-0.0594354
2.26478e-11	-0.0601885
2.26679e-11	-0.0609453
2.2688e-11	-0.0617058
2.27082e-11	-0.06247
2.27283e-11	-0.063238
2.27484e-11	-0.0640097
2.27685e-11	-0.0647851
2.27886e-11	-0.0655643
2.28087e-11	-0.0663471
2.28288e-11	-0.0671337
2.28489e-11	-0.0679239
2.2869e-11	-0.0687179
2.28891e-11	-0.0695155
2.29092e-11	-0.0703169
2.29293e-11	-0.0711219
2.29494e-11	-0.0719306
2.29695e-11	-0.072743
2.29896e-11	-0.0735591
2.30097e-11	-0.0743788
2.30298e-11	-0.0752022
2.30499e-11	-0.0760292
2.307e-11	-0.0768599
2.30901e-11	-0.0776942
2.31102e-11	-0.0785321
2.31303e-11	-0.0793737
2.31505e-11	-0.0802188
2.31706e-11	-0.0810676
2.31907e-11	-0.08192
2.32108e-11	-0.082776
2.32309e-11	-0.0836355
2.3251e-11	-0.0844986
2.32711e-11	-0.0853653
2.32912e-11	-0.0862356
2.33113e-11	-0.0871094
2.33314e-11	-0.0879868
2.33515e-11	-0.0888676
2.33716e-11	-0.0897521
2.33917e-11	-0.09064
2.34118e-11	-0.0915314
2.34319e-11	-0.0924263
2.3452e-11	-0.0933247
2.34721e-11	-0.0942266
2.34922e-11	-0.0951319
2.35123e-11	-0.0960407
2.35324e-11	-0.0969529
2.35525e-11	-0.0978685
2.35726e-11	-0.0987876
2.35928e-11	-0.09971
2.36129e-11	-0.100636
2.3633e-11	-0.101565
2.36531e-11	-0.102498
2.36732e-11	-0.103434
2.36933e-11	-0.104373
2.37134e-11	-0.105316
2.37335e-11	-0.106262
2.37536e-11	-0.107211
2.37737e-11	-0.108163
2.37938e-11	-0.109119
2.38139e-11	-0.110078
2.3834e-11	-0.11104
2.38541e-11	-0.112006
2.38742e-11	-0.112975
2.38943e-11	-0.113947
2.39144e-11	-0.114922
2.39345e-11	-0.1159
2.39546e-11	-0.116882
2.39747e-11	-0.117866
2.39948e-11	-0.118854
2.4015e-11	-0.119845
2.40351e-11	-0.120839
2.40552e-11	-0.121836
2.40753e-11	-0.122836
2.40954e-11	-0.123839
2.41155e-11	-0.124845
2.41356e-11	-0.125854
2.41557e-11	-0.126866
2.41758e-11	-0.127881
2.41959e-11	-0.128899
2.4216e-11	-0.12992
2.42361e-11	-0.130944
2.42562e-11	-0.13197
2.42763e-11	-0.133
2.42964e-11	-0.134032
2.43165e-11	-0.135067
2.43366e-11	-0.136106
2.43567e-11	-0.137146
2.43768e-11	-0.13819
2.43969e-11	-0.139236
2.4417e-11	-0.140285
2.44371e-11	-0.141337
2.44573e-11	-0.142392
2.44774e-11	-0.143449
2.44975e-11	-0.144509
2.45176e-11	-0.145571
2.45377e-11	-0.146636
2.45578e-11	-0.147703
2.45779e-11	-0.148773
2.4598e-11	-0.149846
2.46181e-11	-0.150921
2.46382e-11	-0.151999
2.46583e-11	-0.153079
2.46784e-11	-0.154161
2.46985e-11	-0.155246
2.47186e-11	-0.156333
2.47387e-11	-0.157423
2.47588e-11	-0.158515
2.47789e-11	-0.159609
2.4799e-11	-0.160706
2.48191e-11	-0.161804
2.48392e-11	-0.162905
2.48593e-11	-0.164009
2.48794e-11	-0.165114
2.48996e-11	-0.166221
2.49197e-11	-0.167331
2.49398e-11	-0.168443
2.49599e-11	-0.169556
2.498e-11	-0.170672
2.50001e-11	-0.17179
2.50202e-11	-0.17291
2.50403e-11	-0.174032
2.50604e-11	-0.175155
2.50805e-11	-0.176281
2.51006e-11	-0.177408
2.51207e-11	-0.178537
2.51408e-11	-0.179669
2.51609e-11	-0.180801
2.5181e-11	-0.181936
2.52011e-11	-0.183072
2.52212e-11	-0.18421
2.52413e-11	-0.18535
2.52614e-11	-0.186491
2.52815e-11	-0.187634
2.53016e-11	-0.188778
2.53218e-11	-0.189924
2.53419e-11	-0.191071
2.5362e-11	-0.19222
2.53821e-11	-0.19337
2.54022e-11	-0.194522
2.54223e-11	-0.195675
2.54424e-11	-0.196829
2.54625e-11	-0.197985
2.54826e-11	-0.199142
2.55027e-11	-0.2003
2.55228e-11	-0.201459
2.55429e-11	-0.20262
2.5563e-11	-0.203781
2.55831e-11	-0.204944
2.56032e-11	-0.206107
2.56233e-11	-0.207272
2.56434e-11	-0.208438
2.56635e-11	-0.209604
2.56836e-11	-0.210772
2.57037e-11	-0.21194
2.57238e-11	-0.21311
2.57439e-11	-0.21428
2.57641e-11	-0.21545
2.57842e-11	-0.216622
2.58043e-11	-0.217794
2.58244e-11	-0.218967
2.58445e-11	-0.22014
2.58646e-11	-0.221314
2.58847e-11	-0.222489
2.59048e-11	-0.223664
2.59249e-11	-0.224839
2.5945e-11	-0.226015
2.59651e-11	-0.227191
2.59852e-11	-0.228368
2.60053e-11	-0.229545
2.60254e-11	-0.230722
2.60455e-11	-0.231899
2.60656e-11	-0.233076
2.60857e-11	-0.234254
2.61058e-11	-0.235432
2.61259e-11	-0.236609
2.6146e-11	-0.237787
2.61661e-11	-0.238965
2.61862e-11	-0.240143
2.62064e-11	-0.24132
2.62265e-11	-0.242497
2.62466e-11	-0.243674
2.62667e-11	-0.244851
2.62868e-11	-0.246028
2.63069e-11	-0.247204
2.6327e-11	-0.24838
2.63471e-11	-0.249555
2.63672e-11	-0.25073
2.63873e-11	-0.251905
2.64074e-11	-0.253079
2.64275e-11	-0.254252
2.64476e-11	-0.255425
2.64677e-11	-0.256597
2.64878e-11	-0.257768
2.65079e-11	-0.258938
2.6528e-11	-0.260108
2.65481e-11	-0.261277
2.65682e-11	-0.262445
2.65883e-11	-0.263611
2.66084e-11	-0.264777
2.66285e-11	-0.265942
2.66487e-11	-0.267106
2.66688e-11	-0.268268
2.66889e-11	-0.26943
2.6709e-11	-0.27059
2.67291e-11	-0.271748
2.67492e-11	-0.272906
2.67693e-11	-0.274062
2.67894e-11	-0.275216
2.68095e-11	-0.27637
2.68296e-11	-0.277521
2.68497e-11	-0.278671
2.68698e-11	-0.279819
2.68899e-11	-0.280966
2.691e-11	-0.282111
2.69301e-11	-0.283254
2.69502e-11	-0.284395
2.69703e-11	-0.285535
2.69904e-11	-0.286672
2.70105e-11	-0.287808
2.70306e-11	-0.288941
2.70507e-11	-0.290073
2.70709e-11	-0.291202
2.7091e-11	-0.292329
2.71111e-11	-0.293454
2.71312e-11	-0.294576
2.71513e-11	-0.295697
2.71714e-11	-0.296815
2.71915e-11	-0.29793
2.72116e-11	-0.299043
2.72317e-11	-0.300153
2.72518e-11	-0.301261
2.72719e-11	-0.302366
2.7292e-11	-0.303468
2.73121e-11	-0.304568
2.73322e-11	-0.305665
2.73523e-11	-0.306759
2.73724e-11	-0.30785
2.73925e-11	-0.308938
2.74126e-11	-0.310023
2.74327e-11	-0.311105
2.74528e-11	-0.312184
2.74729e-11	-0.313259
2.7493e-11	-0.314332
2.75132e-11	-0.315401
2.75333e-11	-0.316467
2.75534e-11	-0.317529
2.75735e-11	-0.318588
2.75936e-11	-0.319643
2.76137e-11	-0.320695
2.76338e-11	-0.321744
2.76539e-11	-0.322788
2.7674e-11	-0.323829
2.76941e-11	-0.324866
2.77142e-11	-0.325899
2.77343e-11	-0.326929
2.77544e-11	-0.327954
2.77745e-11	-0.328975
2.77946e-11	-0.329993
2.78147e-11	-0.331006
2.78348e-11	-0.332015
2.78549e-11	-0.33302
2.7875e-11	-0.33402
2.78951e-11	-0.335016
2.79152e-11	-0.336008
2.79353e-11	-0.336995
2.79555e-11	-0.337978
2.79756e-11	-0.338957
2.79957e-11	-0.33993
2.80158e-11	-0.340899
2.80359e-11	-0.341863
2.8056e-11	-0.342823
2.80761e-11	-0.343777
2.80962e-11	-0.344727
2.81163e-11	-0.345672
2.81364e-11	-0.346611
2.81565e-11	-0.347546
2.81766e-11	-0.348475
2.81967e-11	-0.349399
2.82168e-11	-0.350318
2.82369e-11	-0.351232
2.8257e-11	-0.35214
2.82771e-11	-0.353043
2.82972e-11	-0.353941
2.83173e-11	-0.354833
2.83374e-11	-0.355719
2.83575e-11	-0.356599
2.83777e-11	-0.357474
2.83978e-11	-0.358343
2.84179e-11	-0.359207
2.8438e-11	-0.360064
2.84581e-11	-0.360916
2.84782e-11	-0.361761
2.84983e-11	-0.3626
2.85184e-11	-0.363434
2.85385e-11	-0.364261
2.85586e-11	-0.365082
2.85787e-11	-0.365896
2.85988e-11	-0.366704
2.86189e-11	-0.367506
2.8639e-11	-0.368302
2.86591e-11	-0.36909
2.86792e-11	-0.369873
2.86993e-11	-0.370648
2.87194e-11	-0.371417
2.87395e-11	-0.372179
2.87596e-11	-0.372934
2.87797e-11	-0.373683
2.87998e-11	-0.374424
2.882e-11	-0.375159
2.88401e-11	-0.375886
2.88602e-11	-0.376606
2.88803e-11	-0.37732
2.89004e-11	-0.378026
2.89205e-11	-0.378724
2.89406e-11	-0.379415
2.89607e-11	-0.380099
2.89808e-11	-0.380776
2.90009e-11	-0.381445
2.9021e-11	-0.382106
2.90411e-11	-0.38276
2.90612e-11	-0.383406
2.90813e-11	-0.384044
2.91014e-11	-0.384675
2.91215e-11	-0.385297
2.91416e-11	-0.385912
2.91617e-11	-0.386519
2.91818e-11	-0.387117
2.92019e-11	-0.387708
2.9222e-11	-0.38829
2.92421e-11	-0.388864
2.92623e-11	-0.38943
2.92824e-11	-0.389988
2.93025e-11	-0.390537
2.93226e-11	-0.391078
2.93427e-11	-0.391611
2.93628e-11	-0.392134
2.93829e-11	-0.392649
2.9403e-11	-0.393156
2.94231e-11	-0.393654
2.94432e-11	-0.394143
2.94633e-11	-0.394623
2.94834e-11	-0.395094
2.95035e-11	-0.395557
2.95236e-11	-0.39601
2.95437e-11	-0.396454
2.95638e-11	-0.396889
2.95839e-11	-0.397316
2.9604e-11	-0.397732
2.96241e-11	-0.39814
2.96442e-11	-0.398538
2.96643e-11	-0.398927
2.96845e-11	-0.399306
2.97046e-11	-0.399676
2.97247e-11	-0.400036
2.97448e-11	-0.400387
2.97649e-11	-0.400728
2.9785e-11	-0.401059
2.98051e-11	-0.401381
2.98252e-11	-0.401693
2.98453e-11	-0.401995
2.98654e-11	-0.402286
2.98855e-11	-0.402568
2.99056e-11	-0.40284
2.99257e-11	-0.403102
2.99458e-11	-0.403354
2.99659e-11	-0.403595
2.9986e-11	-0.403826
3.00061e-11	-0.404047
3.00262e-11	-0.404258
3.00463e-11	-0.404458
3.00664e-11	-0.404648
3.00865e-11	-0.404827
3.01066e-11	-0.404996
3.01268e-11	-0.405154
3.01469e-11	-0.405301
3.0167e-11	-0.405438
3.01871e-11	-0.405564
3.02072e-11	-0.405679
3.02273e-11	-0.405783
3.02474e-11	-0.405876
3.02675e-11	-0.405958
3.02876e-11	-0.40603
3.03077e-11	-0.40609
3.03278e-11	-0.406139
3.03479e-11	-0.406177
3.0368e-11	-0.406204
3.03881e-11	-0.406219
3.04082e-11	-0.406224
3.04283e-11	-0.406216
3.04484e-11	-0.406198
3.04685e-11	-0.406168
3.04886e-11	-0.406126
3.05087e-11	-0.406073
3.05288e-11	-0.406009
3.05489e-11	-0.405932
3.05691e-11	-0.405845
3.05892e-11	-0.405745
3.06093e-11	-0.405633
3.06294e-11	-0.40551
3.06495e-11	-0.405375
3.06696e-11	-0.405228
3.06897e-11	-0.405069
3.07098e-11	-0.404898
3.07299e-11	-0.404715
3.075e-11	-0.40452
3.07701e-11	-0.404313
3.07902e-11	-0.404093
3.08103e-11	-0.403862
3.08304e-11	-0.403618
3.08505e-11	-0.403362
3.08706e-11	-0.403093
3.08907e-11	-0.402813
3.09108e-11	-0.402519
3.09309e-11	-0.402214
3.0951e-11	-0.401895
3.09711e-11	-0.401565
3.09912e-11	-0.401221
3.10114e-11	-0.400865
3.10315e-11	-0.400497
3.10516e-11	-0.400115
3.10717e-11	-0.399721
3.10918e-11	-0.399314
3.11119e-11	-0.398895
3.1132e-11	-0.398462
3.11521e-11	-0.398017
3.11722e-11	-0.397559
3.11923e-11	-0.397087
3.12124e-11	-0.396603
3.12325e-11	-0.396106
3.12526e-11	-0.395596
3.12727e-11	-0.395072
3.12928e-11	-0.394536
3.13129e-11	-0.393986
3.1333e-11	-0.393423
3.13531e-11	-0.392847
3.13732e-11	-0.392257
3.13933e-11	-0.391655
3.14134e-11	-0.391039
3.14336e-11	-0.390409
3.14537e-11	-0.389767
3.14738e-11	-0.38911
3.14939e-11	-0.388441
3.1514e-11	-0.387757
3.15341e-11	-0.387061
3.15542e-11	-0.386351
3.15743e-11	-0.385627
3.15944e-11	-0.384889
3.16145e-11	-0.384138
3.16346e-11	-0.383374
3.16547e-11	-0.382595
3.16748e-11	-0.381803
3.16949e-11	-0.380998
3.1715e-11	-0.380178
3.17351e-11	-0.379345
3.17552e-11	-0.378498
3.17753e-11	-0.377637
3.17954e-11	-0.376762
3.18155e-11	-0.375873
3.18356e-11	-0.37497
3.18557e-11	-0.374054
3.18759e-11	-0.373123
3.1896e-11	-0.372179
3.19161e-11	-0.37122
3.19362e-11	-0.370248
3.19563e-11	-0.369261
3.19764e-11	-0.368261
3.19965e-11	-0.367246
3.20166e-11	-0.366217
3.20367e-11	-0.365174
3.20568e-11	-0.364117
3.20769e-11	-0.363046
3.2097e-11	-0.361961
3.21171e-11	-0.360861
3.21372e-11	-0.359748
3.21573e-11	-0.35862
3.21774e-11	-0.357478
3.21975e-11	-0.356321
3.22176e-11	-0.35515
3.22377e-11	-0.353966
3.22578e-11	-0.352766
3.22779e-11	-0.351553
3.2298e-11	-0.350325
3.23182e-11	-0.349083
3.23383e-11	-0.347826
3.23584e-11	-0.346556
3.23785e-11	-0.34527
3.23986e-11	-0.343971
3.24187e-11	-0.342657
3.24388e-11	-0.341329
3.24589e-11	-0.339986
3.2479e-11	-0.338629
3.24991e-11	-0.337257
3.25192e-11	-0.335871
3.25393e-11	-0.334471
3.25594e-11	-0.333056
3.25795e-11	-0.331627
3.25996e-11	-0.330183
3.26197e-11	-0.328725
3.26398e-11	-0.327253
3.26599e-11	-0.325766
3.268e-11	-0.324264
3.27001e-11	-0.322749
3.27202e-11	-0.321218
3.27404e-11	-0.319674
3.27605e-11	-0.318114
3.27806e-11	-0.316541
3.28007e-11	-0.314953
3.28208e-11	-0.31335
3.28409e-11	-0.311733
3.2861e-11	-0.310102
3.28811e-11	-0.308456
3.29012e-11	-0.306795
3.29213e-11	-0.305121
3.29414e-11	-0.303432
3.29615e-11	-0.301728
3.29816e-11	-0.30001
3.30017e-11	-0.298277
3.30218e-11	-0.296531
3.30419e-11	-0.294769
3.3062e-11	-0.292994
3.30821e-11	-0.291204
3.31022e-11	-0.289399
3.31223e-11	-0.287581
3.31424e-11	-0.285748
3.31625e-11	-0.2839
3.31827e-11	-0.282038
3.32028e-11	-0.280162
3.32229e-11	-0.278272
3.3243e-11	-0.276367
3.32631e-11	-0.274448
3.32832e-11	-0.272515
3.33033e-11	-0.270568
3.33234e-11	-0.268606
3.33435e-11	-0.26663
3.33636e-11	-0.26464
3.33837e-11	-0.262636
3.34038e-11	-0.260617
3.34239e-11	-0.258585
3.3444e-11	-0.256538
3.34641e-11	-0.254477
3.34842e-11	-0.252402
3.35043e-11	-0.250314
3.35244e-11	-0.248211
3.35445e-11	-0.246094
3.35646e-11	-0.243962
3.35847e-11	-0.241818
3.36048e-11	-0.239659
3.3625e-11	-0.237486
3.36451e-11	-0.235299
3.36652e-11	-0.233098
3.36853e-11	-0.230884
3.37054e-11	-0.228655
3.37255e-11	-0.226413
3.37456e-11	-0.224157
3.37657e-11	-0.221888
3.37858e-11	-0.219604
3.38059e-11	-0.217307
3.3826e-11	-0.214997
3.38461e-11	-0.212672
3.38662e-11	-0.210334
3.38863e-11	-0.207983
3.39064e-11	-0.205618
3.39265e-11	-0.20324
3.39466e-11	-0.200848
3.39667e-11	-0.198442
3.39868e-11	-0.196024
3.40069e-11	-0.193591
3.4027e-11	-0.191146
3.40471e-11	-0.188687
3.40673e-11	-0.186215
3.40874e-11	-0.18373
3.41075e-11	-0.181232
3.41276e-11	-0.178721
3.41477e-11	-0.176196
3.41678e-11	-0.173658
3.41879e-11	-0.171108
3.4208e-11	-0.168544
3.42281e-11	-0.165968
3.42482e-11	-0.163379
3.42683e-11	-0.160776
3.42884e-11	-0.158162
3.43085e-11	-0.155534
3.43286e-11	-0.152893
3.43487e-11	-0.15024
3.43688e-11	-0.147575
3.43889e-11	-0.144896
3.4409e-11	-0.142206
3.44291e-11	-0.139503
3.44492e-11	-0.136787
3.44693e-11	-0.134059
3.44895e-11	-0.131319
3.45096e-11	-0.128566
3.45297e-11	-0.125801
3.45498e-11	-0.123024
3.45699e-11	-0.120235
3.459e-11	-0.117434
3.46101e-11	-0.114621
3.46302e-11	-0.111796
3.46503e-11	-0.108959
3.46704e-11	-0.10611
3.46905e-11	-0.10325
3.47106e-11	-0.100377
3.47307e-11	-0.0974932
3.47508e-11	-0.0945976
3.47709e-11	-0.0916904
3.4791e-11	-0.0887717
3.48111e-11	-0.0858416
3.48312e-11	-0.0829001
3.48513e-11	-0.0799473
3.48714e-11	-0.0769832
3.48915e-11	-0.074008
3.49116e-11	-0.0710215
3.49318e-11	-0.0680241
3.49519e-11	-0.0650156
3.4972e-11	-0.0619962
3.49921e-11	-0.0589658
3.50122e-11	-0.0559247
3.50323e-11	-0.0528728
3.50524e-11	-0.0498103
3.50725e-11	-0.0467371
3.50926e-11	-0.0436534
3.51127e-11	-0.0405592
3.51328e-11	-0.0374545
3.51529e-11	-0.0343396
3.5173e-11	-0.0312143
3.51931e-11	-0.0280789
3.52132e-11	-0.0249333
3.52333e-11	-0.0217776
3.52534e-11	-0.018612
3.52735e-11	-0.0154364
3.52936e-11	-0.012251
3.53137e-11	-0.00905578
3.53338e-11	-0.00585088
3.53539e-11	-0.00263636
3.53741e-11	0.000587713
3.53942e-11	0.00382127
3.54143e-11	0.00706422
3.54344e-11	0.0103165
3.54545e-11	0.013578
3.54746e-11	0.0168487
3.54947e-11	0.0201285
3.55148e-11	0.0234173
3.55349e-11	0.0267151
3.5555e-11	0.0300217
3.55751e-11	0.033337
3.55952e-11	0.0366611
3.56153e-11	0.0399938
3.56354e-11	0.043335
3.56555e-11	0.0466847
3.56756e-11	0.0500427
3.56957e-11	0.0534091
3.57158e-11	0.0567836
3.57359e-11	0.0601663
3.5756e-11	0.063557
3.57761e-11	0.0669556
3.57963e-11	0.0703621
3.58164e-11	0.0737764
3.58365e-11	0.0771983
3.58566e-11	0.0806279
3.58767e-11	0.084065
3.58968e-11	0.0875096
3.59169e-11	0.0909614
3.5937e-11	0.0944206
3.59571e-11	0.0978868
3.59772e-11	0.10136
3.59973e-11	0.104841
3.60174e-11	0.108328
3.60375e-11	0.111822
3.60576e-11	0.115323
3.60777e-11	0.11883
3.60978e-11	0.122344
3.61179e-11	0.125864
3.6138e-11	0.129391
3.61581e-11	0.132924
3.61782e-11	0.136463
3.61983e-11	0.140008
3.62184e-11	0.143559
3.62386e-11	0.147116
3.62587e-11	0.150679
3.62788e-11	0.154248
3.62989e-11	0.157822
3.6319e-11	0.161401
3.63391e-11	0.164986
3.63592e-11	0.168576
3.63793e-11	0.172172
3.63994e-11	0.175772
3.64195e-11	0.179378
3.64396e-11	0.182988
3.64597e-11	0.186603
3.64798e-11	0.190223
3.64999e-11	0.193848
3.652e-11	0.197477
3.65401e-11	0.20111
3.65602e-11	0.204748
3.65803e-11	0.208389
3.66004e-11	0.212035
3.66205e-11	0.215685
3.66406e-11	0.219339
3.66607e-11	0.222997
3.66809e-11	0.226658
3.6701e-11	0.230323
3.67211e-11	0.233991
3.67412e-11	0.237663
3.67613e-11	0.241338
3.67814e-11	0.245016
3.68015e-11	0.248697
3.68216e-11	0.252381
3.68417e-11	0.256068
3.68618e-11	0.259758
3.68819e-11	0.26345
3.6902e-11	0.267145
3.69221e-11	0.270842
3.69422e-11	0.274542
3.69623e-11	0.278244
3.69824e-11	0.281948
3.70025e-11	0.285653
3.70226e-11	0.289361
3.70427e-11	0.293071
3.70628e-11	0.296782
3.70829e-11	0.300494
3.7103e-11	0.304209
3.71232e-11	0.307924
3.71433e-11	0.311641
3.71634e-11	0.315358
3.71835e-11	0.319077
3.72036e-11	0.322797
3.72237e-11	0.326517
3.72438e-11	0.330238
3.72639e-11	0.33396
3.7284e-11	0.337682
3.73041e-11	0.341404
3.73242e-11	0.345127
3.73443e-11	0.34885
3.73644e-11	0.352572
3.73845e-11	0.356295
3.74046e-11	0.360017
3.74247e-11	0.363739
3.74448e-11	0.367461
3.74649e-11	0.371182
3.7485e-11	0.374902
3.75051e-11	0.378622
3.75252e-11	0.38234
3.75454e-11	0.386058
3.75655e-11	0.389774
3.75856e-11	0.393489
3.76057e-11	0.397203
3.76258e-11	0.400915
3.76459e-11	0.404626
3.7666e-11	0.408335
3.76861e-11	0.412042
3.77062e-11	0.415747
3.77263e-11	0.41945
3.77464e-11	0.423151
3.77665e-11	0.42685
3.77866e-11	0.430546
3.78067e-11	0.43424
3.78268e-11	0.437931
3.78469e-11	0.441619
3.7867e-11	0.445305
3.78871e-11	0.448987
3.79072e-11	0.452667
3.79273e-11	0.456343
3.79474e-11	0.460016
3.79675e-11	0.463685
3.79877e-11	0.467351
3.80078e-11	0.471013
3.80279e-11	0.474671
3.8048e-11	0.478326
3.80681e-11	0.481976
3.80882e-11	0.485622
3.81083e-11	0.489264
3.81284e-11	0.492902
3.81485e-11	0.496535
3.81686e-11	0.500163
3.81887e-11	0.503787
3.82088e-11	0.507406
3.82289e-11	0.51102
3.8249e-11	0.514629
3.82691e-11	0.518233
3.82892e-11	0.521831
3.83093e-11	0.525424
3.83294e-11	0.529011
3.83495e-11	0.532593
3.83696e-11	0.536169
3.83897e-11	0.539739
3.84098e-11	0.543303
3.843e-11	0.546861
3.84501e-11	0.550412
3.84702e-11	0.553958
3.84903e-11	0.557497
3.85104e-11	0.561029
3.85305e-11	0.564554
3.85506e-11	0.568073
3.85707e-11	0.571585
3.85908e-11	0.57509
3.86109e-11	0.578587
3.8631e-11	0.582078
3.86511e-11	0.585561
3.86712e-11	0.589036
3.86913e-11	0.592504
3.87114e-11	0.595964
3.87315e-11	0.599416
3.87516e-11	0.60286
3.87717e-11	0.606296
3.87918e-11	0.609724
3.88119e-11	0.613144
3.8832e-11	0.616555
3.88522e-11	0.619958
3.88723e-11	0.623352
3.88924e-11	0.626737
3.89125e-11	0.630113
3.89326e-11	0.633481
3.89527e-11	0.636839
3.89728e-11	0.640188
3.89929e-11	0.643528
3.9013e-11	0.646858
3.90331e-11	0.650179
3.90532e-11	0.65349
3.90733e-11	0.656791
3.90934e-11	0.660083
3.91135e-11	0.663364
3.91336e-11	0.666635
3.91537e-11	0.669897
3.91738e-11	0.673147
3.91939e-11	0.676388
3.9214e-11	0.679618
3.92341e-11	0.682837
3.92542e-11	0.686045
3.92743e-11	0.689243
3.92945e-11	0.692429
3.93146e-11	0.695605
3.93347e-11	0.698769
3.93548e-11	0.701922
3.93749e-11	0.705063
3.9395e-11	0.708193
3.94151e-11	0.711312
3.94352e-11	0.714418
3.94553e-11	0.717513
3.94754e-11	0.720596
3.94955e-11	0.723667
3.95156e-11	0.726725
3.95357e-11	0.729772
3.95558e-11	0.732806
3.95759e-11	0.735827
3.9596e-11	0.738836
3.96161e-11	0.741832
3.96362e-11	0.744816
3.96563e-11	0.747786
3.96764e-11	0.750744
3.96965e-11	0.753689
3.97166e-11	0.75662
3.97368e-11	0.759538
3.97569e-11	0.762443
3.9777e-11	0.765334
3.97971e-11	0.768211
3.98172e-11	0.771075
3.98373e-11	0.773925
3.98574e-11	0.776762
3.98775e-11	0.779584
3.98976e-11	0.782392
3.99177e-11	0.785186
3.99378e-11	0.787966
3.99579e-11	0.790731
3.9978e-11	0.793482
3.99981e-11	0.796218
4.00182e-11	0.79894
4.00383e-11	0.801646
4.00584e-11	0.804338
4.00785e-11	0.807015
4.00986e-11	0.809677
4.01187e-11	0.812324
4.01388e-11	0.814956
4.01589e-11	0.817572
4.01791e-11	0.820173
4.01992e-11	0.822758
4.02193e-11	0.825328
4.02394e-11	0.827882
4.02595e-11	0.83042
4.02796e-11	0.832943
4.02997e-11	0.835449
4.03198e-11	0.83794
4.03399e-11	0.840414
4.036e-11	0.842872
4.03801e-11	0.845314
4.04002e-11	0.84774
4.04203e-11	0.850149
4.04404e-11	0.852541
4.04605e-11	0.854917
4.04806e-11	0.857276
4.05007e-11	0.859618
4.05208e-11	0.861943
4.05409e-11	0.864252
4.0561e-11	0.866543
4.05811e-11	0.868817
4.06013e-11	0.871074
4.06214e-11	0.873314
4.06415e-11	0.875536
4.06616e-11	0.877741
4.06817e-11	0.879928
4.07018e-11	0.882098
4.07219e-11	0.88425
4.0742e-11	0.886384
4.07621e-11	0.8885
4.07822e-11	0.890599
4.08023e-11	0.892679
4.08224e-11	0.894742
4.08425e-11	0.896786
4.08626e-11	0.898812
4.08827e-11	0.90082
4.09028e-11	0.902809
4.09229e-11	0.90478
4.0943e-11	0.906732
4.09631e-11	0.908666
4.09832e-11	0.910582
4.10033e-11	0.912478
4.10234e-11	0.914356
4.10436e-11	0.916215
4.10637e-11	0.918055
4.10838e-11	0.919876
4.11039e-11	0.921678
4.1124e-11	0.923461
4.11441e-11	0.925225
4.11642e-11	0.926969
4.11843e-11	0.928695
4.12044e-11	0.9304
4.12245e-11	0.932087
4.12446e-11	0.933754
4.12647e-11	0.935401
4.12848e-11	0.937029
4.13049e-11	0.938637
4.1325e-11	0.940226
4.13451e-11	0.941795
4.13652e-11	0.943344
4.13853e-11	0.944873
4.14054e-11	0.946382
4.14255e-11	0.947871
4.14456e-11	0.94934
4.14657e-11	0.950789
4.14859e-11	0.952218
4.1506e-11	0.953627
4.15261e-11	0.955015
4.15462e-11	0.956383
4.15663e-11	0.957731
4.15864e-11	0.959058
4.16065e-11	0.960365
4.16266e-11	0.961651
4.16467e-11	0.962917
4.16668e-11	0.964162
4.16869e-11	0.965387
4.1707e-11	0.966591
4.17271e-11	0.967774
4.17472e-11	0.968937
4.17673e-11	0.970079
4.17874e-11	0.971199
4.18075e-11	0.972299
4.18276e-11	0.973378
4.18477e-11	0.974436
4.18678e-11	0.975474
4.18879e-11	0.97649
4.19081e-11	0.977485
4.19282e-11	0.978458
4.19483e-11	0.979411
4.19684e-11	0.980343
4.19885e-11	0.981253
4.20086e-11	0.982142
4.20287e-11	0.98301
4.20488e-11	0.983856
4.20689e-11	0.984681
4.2089e-11	0.985485
4.21091e-11	0.986267
4.21292e-11	0.987028
4.21493e-11	0.987768
4.21694e-11	0.988486
4.21895e-11	0.989182
4.22096e-11	0.989857
4.22297e-11	0.990511
4.22498e-11	0.991142
4.22699e-11	0.991753
4.229e-11	0.992341
4.23101e-11	0.992908
4.23302e-11	0.993453
4.23504e-11	0.993977
4.23705e-11	0.994479
4.23906e-11	0.994959
4.24107e-11	0.995417
4.24308e-11	0.995854
4.24509e-11	0.996268
4.2471e-11	0.996661
4.24911e-11	0.997033
4.25112e-11	0.997382
4.25313e-11	0.99771
4.25514e-11	0.998015
4.25715e-11	0.998299
4.25916e-11	0.998561
4.26117e-11	0.998801
4.26318e-11	0.99902
4.26519e-11	0.999216
4.2672e-11	0.99939
4.26921e-11	0.999543
4.27122e-11	0.999673
4.27323e-11	0.999782
4.27524e-11	0.999869
4.27725e-11	0.999934
4.27927e-11	0.999977
4.28128e-11	0.999998
4.28329e-11	0.999997
4.2853e-11	0.999974
4.28731e-11	0.999929
4.28932e-11	0.999862
4.29133e-11	0.999774
4.29334e-11	0.999663
4.29535e-11	0.999531
4.29736e-11	0.999376
4.29937e-11	0.9992
4.30138e-11	0.999002
4.30339e-11	0.998782
4.3054e-11	0.99854
4.30741e-11	0.998276
4.30942e-11	0.99799
4.31143e-11	0.997683
4.31344e-11	0.997353
4.31545e-11	0.997002
4.31746e-11	0.996629
4.31947e-11	0.996234
4.32148e-11	0.995817
4.3235e-11	0.995379
4.32551e-11	0.994919
4.32752e-11	0.994437
4.32953e-11	0.993933
4.33154e-11	0.993408
4.33355e-11	0.992861
4.33556e-11	0.992292
4.33757e-11	0.991702
4.33958e-11	0.99109
4.34159e-11	0.990456
4.3436e-11	0.989801
4.34561e-11	0.989124
4.34762e-11	0.988426
4.34963e-11	0.987706
4.35164e-11	0.986965
4.35365e-11	0.986202
4.35566e-11	0.985418
4.35767e-11	0.984612
4.35968e-11	0.983785
4.36169e-11	0.982937
4.3637e-11	0.982067
4.36572e-11	0.981177
4.36773e-11	0.980264
4.36974e-11	0.979331
4.37175e-11	0.978377
4.37376e-11	0.977401
4.37577e-11	0.976404
4.37778e-11	0.975387
4.37979e-11	0.974348
4.3818e-11	0.973288
4.38381e-11	0.972207
4.38582e-11	0.971105
4.38783e-11	0.969983
4.38984e-11	0.968839
4.39185e-11	0.967675
4.39386e-11	0.96649
4.39587e-11	0.965284
4.39788e-11	0.964058
4.39989e-11	0.962811
4.4019e-11	0.961543
4.40391e-11	0.960255
4.40592e-11	0.958946
4.40793e-11	0.957617
4.40995e-11	0.956268
4.41196e-11	0.954898
4.41397e-11	0.953508
4.41598e-11	0.952098
4.41799e-11	0.950667
4.42e-11	0.949216
4.42201e-11	0.947746
4.42402e-11	0.946255
4.42603e-11	0.944744
4.42804e-11	0.943213
4.43005e-11	0.941663
4.43206e-11	0.940092
4.43407e-11	0.938502
4.43608e-11	0.936892
4.43809e-11	0.935263
4.4401e-11	0.933613
4.44211e-11	0.931945
4.44412e-11	0.930257
4.44613e-11	0.928549
4.44814e-11	0.926822
4.45015e-11	0.925076
4.45216e-11	0.923311
4.45418e-11	0.921526
4.45619e-11	0.919722
4.4582e-11	0.9179
4.46021e-11	0.916058
4.46222e-11	0.914198
4.46423e-11	0.912318
4.46624e-11	0.91042
4.46825e-11	0.908503
4.47026e-11	0.906568
4.47227e-11	0.904614
4.47428e-11	0.902641
4.47629e-11	0.90065
4.4783e-11	0.898641
4.48031e-11	0.896613
4.48232e-11	0.894567
4.48433e-11	0.892503
4.48634e-11	0.890422
4.48835e-11	0.888322
4.49036e-11	0.886204
4.49237e-11	0.884068
4.49438e-11	0.881914
4.4964e-11	0.879743
4.49841e-11	0.877555
4.50042e-11	0.875348
4.50243e-11	0.873125
4.50444e-11	0.870883
4.50645e-11	0.868625
4.50846e-11	0.866349
4.51047e-11	0.864057
4.51248e-11	0.861747
4.51449e-11	0.85942
4.5165e-11	0.857076
4.51851e-11	0.854716
4.52052e-11	0.852339
4.52253e-11	0.849945
4.52454e-11	0.847535
4.52655e-11	0.845108
4.52856e-11	0.842665
4.53057e-11	0.840205
4.53258e-11	0.837729
4.53459e-11	0.835238
4.5366e-11	0.83273
4.53861e-11	0.830206
4.54063e-11	0.827666
4.54264e-11	0.825111
4.54465e-11	0.82254
4.54666e-11	0.819953
4.54867e-11	0.817351
4.55068e-11	0.814733
4.55269e-11	0.8121
4.5547e-11	0.809452
4.55671e-11	0.806789
4.55872e-11	0.804111
4.56073e-11	0.801418
4.56274e-11	0.79871
4.56475e-11	0.795987
4.56676e-11	0.793249
4.56877e-11	0.790497
4.57078e-11	0.787731
4.57279e-11	0.78495
4.5748e-11	0.782155
4.57681e-11	0.779345
4.57882e-11	0.776522
4.58083e-11	0.773685
4.58284e-11	0.770833
4.58486e-11	0.767968
4.58687e-11	0.765089
4.58888e-11	0.762197
4.59089e-11	0.759291
4.5929e-11	0.756372
4.59491e-11	0.75344
4.59692e-11	0.750494
4.59893e-11	0.747535
4.60094e-11	0.744564
4.60295e-11	0.741579
4.60496e-11	0.738582
4.60697e-11	0.735572
4.60898e-11	0.732549
4.61099e-11	0.729514
4.613e-11	0.726466
4.61501e-11	0.723407
4.61702e-11	0.720335
4.61903e-11	0.717251
4.62104e-11	0.714155
4.62305e-11	0.711048
4.62506e-11	0.707928
4.62707e-11	0.704797
4.62909e-11	0.701655
4.6311e-11	0.698501
4.63311e-11	0.695336
4.63512e-11	0.692159
4.63713e-11	0.688972
4.63914e-11	0.685774
4.64115e-11	0.682564
4.64316e-11	0.679344
4.64517e-11	0.676113
4.64718e-11	0.672872
4.64919e-11	0.669621
4.6512e-11	0.666359
4.65321e-11	0.663086
4.65522e-11	0.659804
4.65723e-11	0.656512
4.65924e-11	0.65321
4.66125e-11	0.649898
4.66326e-11	0.646576
4.66527e-11	0.643245
4.66728e-11	0.639905
4.66929e-11	0.636555
4.67131e-11	0.633196
4.67332e-11	0.629828
4.67533e-11	0.62645
4.67734e-11	0.623064
4.67935e-11	0.61967
4.68136e-11	0.616266
4.68337e-11	0.612854
4.68538e-11	0.609434
4.68739e-11	0.606005
4.6894e-11	0.602569
4.69141e-11	0.599124
4.69342e-11	0.595671
4.69543e-11	0.59221
4.69744e-11	0.588742
4.69945e-11	0.585266
4.70146e-11	0.581782
4.70347e-11	0.578291
4.70548e-11	0.574793
4.70749e-11	0.571288
4.7095e-11	0.567775
4.71151e-11	0.564256
4.71352e-11	0.56073
4.71554e-11	0.557197
4.71755e-11	0.553658
4.71956e-11	0.550112
4.72157e-11	0.54656
4.72358e-11	0.543001
4.72559e-11	0.539437
4.7276e-11	0.535866
4.72961e-11	0.53229
4.73162e-11	0.528707
4.73363e-11	0.525119
4.73564e-11	0.521526
4.73765e-11	0.517927
4.73966e-11	0.514323
4.74167e-11	0.510714
4.74368e-11	0.5071
4.74569e-11	0.50348
4.7477e-11	0.499856
4.74971e-11	0.496227
4.75172e-11	0.492594
4.75373e-11	0.488956
4.75574e-11	0.485313
4.75775e-11	0.481667
4.75977e-11	0.478016
4.76178e-11	0.474361
4.76379e-11	0.470703
4.7658e-11	0.46704
4.76781e-11	0.463374
4.76982e-11	0.459705
4.77183e-11	0.456031
4.77384e-11	0.452355
4.77585e-11	0.448675
4.77786e-11	0.444993
4.77987e-11	0.441307
4.78188e-11	0.437618
4.78389e-11	0.433927
4.7859e-11	0.430233
4.78791e-11	0.426537
4.78992e-11	0.422838
4.79193e-11	0.419137
4.79394e-11	0.415433
4.79595e-11	0.411728
4.79796e-11	0.408021
4.79997e-11	0.404312
4.80199e-11	0.400601
4.804e-11	0.396888
4.80601e-11	0.393174
4.80802e-11	0.389459
4.81003e-11	0.385743
4.81204e-11	0.382025
4.81405e-11	0.378306
4.81606e-11	0.374587
4.81807e-11	0.370867
4.82008e-11	0.367146
4.82209e-11	0.363424
4.8241e-11	0.359702
4.82611e-11	0.35598
4.82812e-11	0.352257
4.83013e-11	0.348534
4.83214e-11	0.344812
4.83415e-11	0.341089
4.83616e-11	0.337367
4.83817e-11	0.333645
4.84018e-11	0.329923
4.84219e-11	0.326202
4.8442e-11	0.322482
4.84622e-11	0.318762
4.84823e-11	0.315043
4.85024e-11	0.311326
4.85225e-11	0.307609
4.85426e-11	0.303894
4.85627e-11	0.30018
4.85828e-11	0.296467
4.86029e-11	0.292756
4.8623e-11	0.289047
4.86431e-11	0.285339
4.86632e-11	0.281634
4.86833e-11	0.27793
4.87034e-11	0.274228
4.87235e-11	0.270529
4.87436e-11	0.266832
4.87637e-11	0.263137
4.87838e-11	0.259445
4.88039e-11	0.255756
4.8824e-11	0.252069
4.88441e-11	0.248385
4.88642e-11	0.244704
4.88843e-11	0.241026
4.89045e-11	0.237352
4.89246e-11	0.23368
4.89447e-11	0.230012
4.89648e-11	0.226348
4.89849e-11	0.222687
4.9005e-11	0.219029
4.90251e-11	0.215376
4.90452e-11	0.211726
4.90653e-11	0.208081
4.90854e-11	0.204439
4.91055e-11	0.200802
4.91256e-11	0.197169
4.91457e-11	0.19354
4.91658e-11	0.189916
4.91859e-11	0.186297
4.9206e-11	0.182682
4.92261e-11	0.179072
4.92462e-11	0.175467
4.92663e-11	0.171867
4.92864e-11	0.168272
4.93065e-11	0.164682
4.93266e-11	0.161098
4.93468e-11	0.157518
4.93669e-11	0.153945
4.9387e-11	0.150377
4.94071e-11	0.146815
4.94272e-11	0.143258
4.94473e-11	0.139707
4.94674e-11	0.136163
4.94875e-11	0.132624
4.95076e-11	0.129092
4.95277e-11	0.125566
4.95478e-11	0.122046
4.95679e-11	0.118533
4.9588e-11	0.115026
4.96081e-11	0.111525
4.96282e-11	0.108032
4.96483e-11	0.104545
4.96684e-11	0.101066
4.96885e-11	0.0975928
4.97086e-11	0.0941271
4.97287e-11	0.0906686
4.97488e-11	0.0872173
4.9769e-11	0.0837734
4.97891e-11	0.080337
4.98092e-11	0.076908
4.98293e-11	0.0734867
4.98494e-11	0.0700731
4.98695e-11	0.0666673
4.98896e-11	0.0632693
4.99097e-11	0.0598793
4.99298e-11	0.0564973
4.99499e-11	0.0531235
4.997e-11	0.0497578
4.99901e-11	0.0464005
5.00102e-11	0.0430515
5.00303e-11	0.039711
5.00504e-11	0.0363791
5.00705e-11	0.0330557
5.00906e-11	0.0297411
5.01107e-11	0.0264352
5.01308e-11	0.0231382
5.01509e-11	0.0198502
5.0171e-11	0.0165712
5.01911e-11	0.0133013
5.02113e-11	0.0100405
5.02314e-11	0.00678901
5.02515e-11	0.00354685
5.02716e-11	0.000314101
5.02917e-11	-0.00290917
5.03118e-11	-0.00612288
5.03319e-11	-0.00932695
5.0352e-11	-0.0125213
5.03721e-11	-0.0157059
5.03922e-11	-0.0188806
5.04123e-11	-0.0220454
5.04324e-11	-0.0252002
5.04525e-11	-0.028345
5.04726e-11	-0.0314796
5.04927e-11	-0.0346039
5.05128e-11	-0.037718
5.05329e-11	-0.0408218
5.0553e-11	-0.0439151
5.05731e-11	-0.046998
5.05932e-11	-0.0500702
5.06133e-11	-0.0531319
5.06334e-11	-0.0561829
5.06536e-11	-0.0592231
5.06737e-11	-0.0622525
5.06938e-11	-0.065271
5.07139e-11	-0.0682785
5.0734e-11	-0.0712751
5.07541e-11	-0.0742605
5.07742e-11	-0.0772349
5.07943e-11	-0.080198
5.08144e-11	-0.0831499
5.08345e-11	-0.0860904
5.08546e-11	-0.0890195
5.08747e-11	-0.0919372
5.08948e-11	-0.0948434
5.09149e-11	-0.0977381
5.0935e-11	-0.100621
5.09551e-11	-0.103492
5.09752e-11	-0.106352
5.09953e-11	-0.1092
5.10154e-11	-0.112036
5.10355e-11	-0.11486
5.10556e-11	-0.117672
5.10758e-11	-0.120472
5.10959e-11	-0.12326
5.1116e-11	-0.126036
5.11361e-11	-0.1288
5.11562e-11	-0.131551
5.11763e-11	-0.134291
5.11964e-11	-0.137018
5.12165e-11	-0.139732
5.12366e-11	-0.142434
5.12567e-11	-0.145124
5.12768e-11	-0.147801
5.12969e-11	-0.150466
5.1317e-11	-0.153118
5.13371e-11	-0.155757
5.13572e-11	-0.158384
5.13773e-11	-0.160997
5.13974e-11	-0.163599
5.14175e-11	-0.166187
5.14376e-11	-0.168762
5.14577e-11	-0.171325
5.14778e-11	-0.173874
5.14979e-11	-0.17641
5.15181e-11	-0.178934
5.15382e-11	-0.181444
5.15583e-11	-0.183941
5.15784e-11	-0.186425
5.15985e-11	-0.188896
5.16186e-11	-0.191354
5.16387e-11	-0.193798
5.16588e-11	-0.196229
5.16789e-11	-0.198647
5.1699e-11	-0.201051
5.17191e-11	-0.203442
5.17392e-11	-0.205819
5.17593e-11	-0.208183
5.17794e-11	-0.210533
5.17995e-11	-0.21287
5.18196e-11	-0.215193
5.18397e-11	-0.217503
5.18598e-11	-0.219798
5.18799e-11	-0.222081
5.19e-11	-0.224349
5.19201e-11	-0.226604
5.19402e-11	-0.228845
5.19604e-11	-0.231072
5.19805e-11	-0.233285
5.20006e-11	-0.235485
5.20207e-11	-0.23767
5.20408e-11	-0.239842
5.20609e-11	-0.242
5.2081e-11	-0.244144
5.21011e-11	-0.246273
5.21212e-11	-0.248389
5.21413e-11	-0.250491
5.21614e-11	-0.252579
5.21815e-11	-0.254653
5.22016e-11	-0.256712
5.22217e-11	-0.258758
5.22418e-11	-0.260789
5.22619e-11	-0.262806
5.2282e-11	-0.264809
5.23021e-11	-0.266798
5.23222e-11	-0.268773
5.23423e-11	-0.270733
5.23624e-11	-0.27268
5.23825e-11	-0.274612
5.24027e-11	-0.276529
5.24228e-11	-0.278433
5.24429e-11	-0.280322
5.2463e-11	-0.282197
5.24831e-11	-0.284057
5.25032e-11	-0.285904
5.25233e-11	-0.287735
5.25434e-11	-0.289553
5.25635e-11	-0.291356
5.25836e-11	-0.293145
5.26037e-11	-0.294919
5.26238e-11	-0.296679
5.26439e-11	-0.298425
5.2664e-11	-0.300156
5.26841e-11	-0.301873
5.27042e-11	-0.303575
5.27243e-11	-0.305263
5.27444e-11	-0.306937
5.27645e-11	-0.308596
5.27846e-11	-0.31024
5.28047e-11	-0.311871
5.28249e-11	-0.313486
5.2845e-11	-0.315088
5.28651e-11	-0.316675
5.28852e-11	-0.318247
5.29053e-11	-0.319805
5.29254e-11	-0.321349
5.29455e-11	-0.322878
5.29656e-11	-0.324392
5.29857e-11	-0.325892
5.30058e-11	-0.327378
5.30259e-11	-0.328849
5.3046e-11	-0.330306
5.30661e-11	-0.331749
5.30862e-11	-0.333177
5.31063e-11	-0.33459
5.31264e-11	-0.335989
5.31465e-11	-0.337374
5.31666e-11	-0.338744
5.31867e-11	-0.3401
5.32068e-11	-0.341442
5.32269e-11	-0.342769
5.3247e-11	-0.344081
5.32672e-11	-0.34538
5.32873e-11	-0.346664
5.33074e-11	-0.347933
5.33275e-11	-0.349189
5.33476e-11	-0.35043
5.33677e-11	-0.351656
5.33878e-11	-0.352868
5.34079e-11	-0.354067
5.3428e-11	-0.35525
5.34481e-11	-0.35642
5.34682e-11	-0.357575
5.34883e-11	-0.358716
5.35084e-11	-0.359843
5.35285e-11	-0.360955
5.35486e-11	-0.362053
5.35687e-11	-0.363137
5.35888e-11	-0.364207
5.36089e-11	-0.365263
5.3629e-11	-0.366305
5.36491e-11	-0.367333
5.36692e-11	-0.368346
5.36893e-11	-0.369345
5.37095e-11	-0.370331
5.37296e-11	-0.371302
5.37497e-11	-0.372259
5.37698e-11	-0.373203
5.37899e-11	-0.374132
5.381e-11	-0.375047
5.38301e-11	-0.375949
5.38502e-11	-0.376836
5.38703e-11	-0.37771
5.38904e-11	-0.37857
5.39105e-11	-0.379416
5.39306e-11	-0.380248
5.39507e-11	-0.381066
5.39708e-11	-0.381871
5.39909e-11	-0.382662
5.4011e-11	-0.383439
5.40311e-11	-0.384203
5.40512e-11	-0.384952
5.40713e-11	-0.385689
5.40914e-11	-0.386411
5.41115e-11	-0.38712
5.41317e-11	-0.387816
5.41518e-11	-0.388498
5.41719e-11	-0.389166
5.4192e-11	-0.389822
5.42121e-11	-0.390463
5.42322e-11	-0.391091
5.42523e-11	-0.391706
5.42724e-11	-0.392308
5.42925e-11	-0.392896
5.43126e-11	-0.393471
5.43327e-11	-0.394033
5.43528e-11	-0.394582
5.43729e-11	-0.395117
5.4393e-11	-0.395639
5.44131e-11	-0.396149
5.44332e-11	-0.396645
5.44533e-11	-0.397128
5.44734e-11	-0.397598
5.44935e-11	-0.398055
5.45136e-11	-0.398499
5.45337e-11	-0.398931
5.45538e-11	-0.399349
5.4574e-11	-0.399755
5.45941e-11	-0.400148
5.46142e-11	-0.400528
5.46343e-11	-0.400896
5.46544e-11	-0.401251
5.46745e-11	-0.401593
5.46946e-11	-0.401923
5.47147e-11	-0.40224
5.47348e-11	-0.402545
5.47549e-11	-0.402837
5.4775e-11	-0.403117
5.47951e-11	-0.403384
5.48152e-11	-0.403639
5.48353e-11	-0.403882
5.48554e-11	-0.404113
5.48755e-11	-0.404331
5.48956e-11	-0.404537
5.49157e-11	-0.404731
5.49358e-11	-0.404913
5.49559e-11	-0.405083
5.4976e-11	-0.405241
5.49961e-11	-0.405387
5.50163e-11	-0.405521
5.50364e-11	-0.405643
5.50565e-11	-0.405754
5.50766e-11	-0.405852
5.50967e-11	-0.405939
5.51168e-11	-0.406015
5.51369e-11	-0.406078
5.5157e-11	-0.40613
5.51771e-11	-0.406171
5.51972e-11	-0.4062
5.52173e-11	-0.406217
5.52374e-11	-0.406224
5.52575e-11	-0.406219
5.52776e-11	-0.406202
5.52977e-11	-0.406174
5.53178e-11	-0.406135
5.53379e-11	-0.406085
5.5358e-11	-0.406024
5.53781e-11	-0.405952
5.53982e-11	-0.405869
5.54183e-11	-0.405774
5.54384e-11	-0.405669
5.54586e-11	-0.405553
5.54787e-11	-0.405427
5.54988e-11	-0.405289
5.55189e-11	-0.405141
5.5539e-11	-0.404982
5.55591e-11	-0.404812
5.55792e-11	-0.404632
5.55993e-11	-0.404442
5.56194e-11	-0.404241
5.56395e-11	-0.404029
5.56596e-11	-0.403807
5.56797e-11	-0.403575
5.56998e-11	-0.403333
5.57199e-11	-0.40308
5.574e-11	-0.402818
5.57601e-11	-0.402545
5.57802e-11	-0.402262
5.58003e-11	-0.401969
5.58204e-11	-0.401667
5.58405e-11	-0.401354
5.58606e-11	-0.401032
5.58808e-11	-0.4007
5.59009e-11	-0.400358
5.5921e-11	-0.400006
5.59411e-11	-0.399645
5.59612e-11	-0.399274
5.59813e-11	-0.398894
5.60014e-11	-0.398505
5.60215e-11	-0.398106
5.60416e-11	-0.397697
5.60617e-11	-0.39728
5.60818e-11	-0.396853
5.61019e-11	-0.396417
5.6122e-11	-0.395972
5.61421e-11	-0.395518
5.61622e-11	-0.395055
5.61823e-11	-0.394583
5.62024e-11	-0.394102
5.62225e-11	-0.393612
5.62426e-11	-0.393113
5.62627e-11	-0.392606
5.62828e-11	-0.39209
5.63029e-11	-0.391566
5.63231e-11	-0.391033
5.63432e-11	-0.390491
5.63633e-11	-0.389941
5.63834e-11	-0.389383
5.64035e-11	-0.388816
5.64236e-11	-0.388241
5.64437e-11	-0.387658
5.64638e-11	-0.387067
5.64839e-11	-0.386467
5.6504e-11	-0.38586
5.65241e-11	-0.385245
5.65442e-11	-0.384621
5.65643e-11	-0.38399
5.65844e-11	-0.383351
5.66045e-11	-0.382705
5.66246e-11	-0.38205
5.66447e-11	-0.381388
5.66648e-11	-0.380719
5.66849e-11	-0.380042
5.6705e-11	-0.379357
5.67251e-11	-0.378665
5.67452e-11	-0.377966
5.67654e-11	-0.377259
5.67855e-11	-0.376546
5.68056e-11	-0.375825
5.68257e-11	-0.375097
5.68458e-11	-0.374362
5.68659e-11	-0.37362
5.6886e-11	-0.372871
5.69061e-11	-0.372115
5.69262e-11	-0.371352
5.69463e-11	-0.370583
5.69664e-11	-0.369807
5.69865e-11	-0.369024
5.70066e-11	-0.368234
5.70267e-11	-0.367439
5.70468e-11	-0.366636
5.70669e-11	-0.365827
5.7087e-11	-0.365012
5.71071e-11	-0.364191
5.71272e-11	-0.363363
5.71473e-11	-0.36253
5.71674e-11	-0.36169
5.71876e-11	-0.360844
5.72077e-11	-0.359992
5.72278e-11	-0.359134
5.72479e-11	-0.35827
5.7268e-11	-0.3574
5.72881e-11	-0.356525
5.73082e-11	-0.355644
5.73283e-11	-0.354757
5.73484e-11	-0.353865
5.73685e-11	-0.352967
5.73886e-11	-0.352064
5.74087e-11	-0.351155
5.74288e-11	-0.350241
5.74489e-11	-0.349321
5.7469e-11	-0.348397
5.74891e-11	-0.347467
5.75092e-11	-0.346532
5.75293e-11	-0.345592
5.75494e-11	-0.344647
5.75695e-11	-0.343697
5.75896e-11	-0.342742
5.76097e-11	-0.341782
5.76299e-11	-0.340817
5.765e-11	-0.339848
5.76701e-11	-0.338874
5.76902e-11	-0.337895
5.77103e-11	-0.336912
5.77304e-11	-0.335924
5.77505e-11	-0.334932
5.77706e-11	-0.333936
5.77907e-11	-0.332935
5.78108e-11	-0.33193
5.78309e-11	-0.33092
5.7851e-11	-0.329907
5.78711e-11	-0.328889
5.78912e-11	-0.327867
5.79113e-11	-0.326842
5.79314e-11	-0.325812
5.79515e-11	-0.324778
5.79716e-11	-0.323741
5.79917e-11	-0.3227
5.80118e-11	-0.321655
5.80319e-11	-0.320606
5.8052e-11	-0.319554
5.80722e-11	-0.318498
5.80923e-11	-0.317439
5.81124e-11	-0.316377
5.81325e-11	-0.31531
5.81526e-11	-0.314241
5.81727e-11	-0.313168
5.81928e-11	-0.312092
5.82129e-11	-0.311013
5.8233e-11	-0.309931
5.82531e-11	-0.308846
5.82732e-11	-0.307757
5.82933e-11	-0.306666
5.83134e-11	-0.305572
5.83335e-11	-0.304475
5.83536e-11	-0.303375
5.83737e-11	-0.302272
5.83938e-11	-0.301167
5.84139e-11	-0.300059
5.8434e-11	-0.298949
5.84541e-11	-0.297835
5.84742e-11	-0.29672
5.84943e-11	-0.295602
5.85145e-11	-0.294481
5.85346e-11	-0.293359
5.85547e-11	-0.292234
5.85748e-11	-0.291106
5.85949e-11	-0.289977
5.8615e-11	-0.288845
5.86351e-11	-0.287712
5.86552e-11	-0.286576
5.86753e-11	-0.285438
5.86954e-11	-0.284299
5.87155e-11	-0.283157
5.87356e-11	-0.282014
5.87557e-11	-0.280869
5.87758e-11	-0.279722
5.87959e-11	-0.278574
5.8816e-11	-0.277424
5.88361e-11	-0.276272
5.88562e-11	-0.275119
5.88763e-11	-0.273964
5.88964e-11	-0.272808
5.89165e-11	-0.27165
5.89367e-11	-0.270491
5.89568e-11	-0.269331
5.89769e-11	-0.26817
5.8997e-11	-0.267007
5.90171e-11	-0.265843
5.90372e-11	-0.264678
5.90573e-11	-0.263513
5.90774e-11	-0.262346
5.90975e-11	-0.261178
5.91176e-11	-0.260009
5.91377e-11	-0.258839
5.91578e-11	-0.257669
5.91779e-11	-0.256497
5.9198e-11	-0.255325
5.92181e-11	-0.254153
5.92382e-11	-0.252979
5.92583e-11	-0.251805
5.92784e-11	-0.250631
5.92985e-11	-0.249456
5.93186e-11	-0.24828
5.93387e-11	-0.247104
5.93588e-11	-0.245928
5.9379e-11	-0.244752
5.93991e-11	-0.243575
5.94192e-11	-0.242398
5.94393e-11	-0.24122
5.94594e-11	-0.240043
5.94795e-11	-0.238865
5.94996e-11	-0.237687
5.95197e-11	-0.23651
5.95398e-11	-0.235332
5.95599e-11	-0.234154
5.958e-11	-0.232977
5.96001e-11	-0.231799
5.96202e-11	-0.230622
5.96403e-11	-0.229445
5.96604e-11	-0.228268
5.96805e-11	-0.227091
5.97006e-11	-0.225915
5.97207e-11	-0.224739
5.97408e-11	-0.223564
5.97609e-11	-0.222389
5.9781e-11	-0.221215
5.98011e-11	-0.220041
5.98213e-11	-0.218867
5.98414e-11	-0.217695
5.98615e-11	-0.216522
5.98816e-11	-0.215351
5.99017e-11	-0.21418
5.99218e-11	-0.21301
5.99419e-11	-0.211841
5.9962e-11	-0.210673
5.99821e-11	-0.209505
6.00022e-11	-0.208339
6.00223e-11	-0.207173
6.00424e-11	-0.206009
6.00625e-11	-0.204845
6.00826e-11	-0.203683
6.01027e-11	-0.202521
6.01228e-11	-0.201361
6.01429e-11	-0.200202
6.0163e-11	-0.199044
6.01831e-11	-0.197887
6.02032e-11	-0.196731
6.02233e-11	-0.195577
6.02435e-11	-0.194424
6.02636e-11	-0.193273
6.02837e-11	-0.192123
6.03038e-11	-0.190974
6.03239e-11	-0.189827
6.0344e-11	-0.188681
6.03641e-11	-0.187537
6.03842e-11	-0.186394
6.04043e-11	-0.185253
6.04244e-11	-0.184114
6.04445e-11	-0.182976
6.04646e-11	-0.18184
6.04847e-11	-0.180705
6.05048e-11	-0.179573
6.05249e-11	-0.178442
6.0545e-11	-0.177313
6.05651e-11	-0.176185
6.05852e-11	-0.17506
6.06053e-11	-0.173936
6.06254e-11	-0.172815
6.06455e-11	-0.171695
6.06656e-11	-0.170578
6.06858e-11	-0.169462
6.07059e-11	-0.168348
6.0726e-11	-0.167237
6.07461e-11	-0.166127
6.07662e-11	-0.16502
6.07863e-11	-0.163915
6.08064e-11	-0.162812
6.08265e-11	-0.161711
6.08466e-11	-0.160613
6.08667e-11	-0.159516
6.08868e-11	-0.158422
6.09069e-11	-0.157331
6.0927e-11	-0.156241
6.09471e-11	-0.155154
6.09672e-11	-0.154069
6.09873e-11	-0.152987
6.10074e-11	-0.151907
6.10275e-11	-0.15083
6.10476e-11	-0.149755
6.10677e-11	-0.148683
6.10878e-11	-0.147613
6.11079e-11	-0.146545
6.11281e-11	-0.145481
6.11482e-11	-0.144419
6.11683e-11	-0.143359
6.11884e-11	-0.142302
6.12085e-11	-0.141248
6.12286e-11	-0.140196
6.12487e-11	-0.139148
6.12688e-11	-0.138101
6.12889e-11	-0.137058
6.1309e-11	-0.136017
6.13291e-11	-0.13498
6.13492e-11	-0.133945
6.13693e-11	-0.132912
6.13894e-11	-0.131883
6.14095e-11	-0.130857
6.14296e-11	-0.129833
6.14497e-11	-0.128813
6.14698e-11	-0.127795
6.14899e-11	-0.12678
6.151e-11	-0.125768
6.15301e-11	-0.124759
6.15502e-11	-0.123754
6.15704e-11	-0.122751
6.15905e-11	-0.121751
6.16106e-11	-0.120754
6.16307e-11	-0.119761
6.16508e-11	-0.11877
6.16709e-11	-0.117783
6.1691e-11	-0.116798
6.17111e-11	-0.115817
6.17312e-11	-0.114839
6.17513e-11	-0.113864
6.17714e-11	-0.112893
6.17915e-11	-0.111924
6.18116e-11	-0.110959
6.18317e-11	-0.109997
6.18518e-11	-0.109038
6.18719e-11	-0.108082
6.1892e-11	-0.10713
6.19121e-11	-0.106181
6.19322e-11	-0.105236
6.19523e-11	-0.104293
6.19724e-11	-0.103354
6.19926e-11	-0.102419
6.20127e-11	-0.101486
6.20328e-11	-0.100557
6.20529e-11	-0.0996317
6.2073e-11	-0.0987096
6.20931e-11	-0.0977908
6.21132e-11	-0.0968754
6.21333e-11	-0.0959635
6.21534e-11	-0.095055
6.21735e-11	-0.09415
6.21936e-11	-0.0932484
6.22137e-11	-0.0923503
6.22338e-11	-0.0914557
6.22539e-11	-0.0905646
6.2274e-11	-0.089677
6.22941e-11	-0.0887929
6.23142e-11	-0.0879123
6.23343e-11	-0.0870352
6.23544e-11	-0.0861617
6.23745e-11	-0.0852918
6.23946e-11	-0.0844254
6.24147e-11	-0.0835625
6.24349e-11	-0.0827033
6.2455e-11	-0.0818476
6.24751e-11	-0.0809955
6.24952e-11	-0.0801471
6.25153e-11	-0.0793022
6.25354e-11	-0.0784609
6.25555e-11	-0.0776233
6.25756e-11	-0.0767893
6.25957e-11	-0.075959
6.26158e-11	-0.0751322
6.26359e-11	-0.0743092
6.2656e-11	-0.0734898
6.26761e-11	-0.072674
6.26962e-11	-0.071862
6.27163e-11	-0.0710536
6.27364e-11	-0.0702488
6.27565e-11	-0.0694478
6.27766e-11	-0.0686505
6.27967e-11	-0.0678568
6.28168e-11	-0.0670669
6.28369e-11	-0.0662806
6.2857e-11	-0.0654981
6.28772e-11	-0.0647193
6.28973e-11	-0.0639441
6.29174e-11	-0.0631728
6.29375e-11	-0.0624051
6.29576e-11	-0.0616412
6.29777e-11	-0.060881
6.29978e-11	-0.0601245
6.30179e-11	-0.0593718
6.3038e-11	-0.0586228
6.30581e-11	-0.0578775
6.30782e-11	-0.057136
6.30983e-11	-0.0563983
6.31184e-11	-0.0556643
6.31385e-11	-0.054934
6.31586e-11	-0.0542075
6.31787e-11	-0.0534848
6.31988e-11	-0.0527658
6.32189e-11	-0.0520506
6.3239e-11	-0.0513391
6.32591e-11	-0.0506314
6.32792e-11	-0.0499274
6.32994e-11	-0.0492272
6.33195e-11	-0.0485308
6.33396e-11	-0.0478381
6.33597e-11	-0.0471492
6.33798e-11	-0.0464641
6.33999e-11	-0.0457827
6.342e-11	-0.045105
6.34401e-11	-0.0444312
6.34602e-11	-0.0437611
6.34803e-11	-0.0430947
6.35004e-11	-0.0424321
6.35205e-11	-0.0417733
6.35406e-11	-0.0411182
6.35607e-11	-0.0404668
6.35808e-11	-0.0398193
6.36009e-11	-0.0391754
6.3621e-11	-0.0385353
6.36411e-11	-0.037899
6.36612e-11	-0.0372664
6.36813e-11	-0.0366375
6.37014e-11	-0.0360124
6.37215e-11	-0.035391
6.37417e-11	-0.0347734
6.37618e-11	-0.0341594
6.37819e-11	-0.0335492
6.3802e-11	-0.0329427
6.38221e-11	-0.03234
6.38422e-11	-0.0317409
6.38623e-11	-0.0311456
6.38824e-11	-0.030554
6.39025e-11	-0.0299661
6.39226e-11	-0.0293819
6.39427e-11	-0.0288013
6.39628e-11	-0.0282245
6.39829e-11	-0.0276514
6.4003e-11	-0.0270819
6.40231e-11	-0.0265161
6.40432e-11	-0.025954
6.40633e-11	-0.0253956
6.40834e-11	-0.0248408
6.41035e-11	-0.0242897
6.41236e-11	-0.0237423
6.41437e-11	-0.0231984
6.41638e-11	-0.0226583
6.4184e-11	-0.0221217
6.42041e-11	-0.0215888
6.42242e-11	-0.0210595
6.42443e-11	-0.0205339
6.42644e-11	-0.0200118
6.42845e-11	-0.0194934
6.43046e-11	-0.0189785
6.43247e-11	-0.0184673
6.43448e-11	-0.0179596
6.43649e-11	-0.0174555
6.4385e-11	-0.016955
6.44051e-11	-0.0164581
6.44252e-11	-0.0159647
6.44453e-11	-0.0154748
6.44654e-11	-0.0149885
6.44855e-11	-0.0145058
6.45056e-11	-0.0140265
6.45257e-11	-0.0135508
6.45458e-11	-0.0130786
6.45659e-11	-0.01261
6.4586e-11	-0.0121448
6.46061e-11	-0.0116831
6.46263e-11	-0.0112249
6.46464e-11	-0.0107701
6.46665e-11	-0.0103189
6.46866e-11	-0.00987104
6.47067e-11	-0.00942667
6.47268e-11	-0.00898575
6.47469e-11	-0.00854826
6.4767e-11	-0.00811419
6.47871e-11	-0.00768353
6.48072e-11	-0.00725629
6.48273e-11	-0.00683244
6.48474e-11	-0.00641197
6.48675e-11	-0.00599489
6.48876e-11	-0.00558117
6.49077e-11	-0.00517082
6.49278e-11	-0.00476382
6.49479e-11	-0.00436015
6.4968e-11	-0.00395982
6.49881e-11	-0.00356282
6.50082e-11	-0.00316912
6.50283e-11	-0.00277873
6.50485e-11	-0.00239163
6.50686e-11	-0.00200781
6.50887e-11	-0.00162727
6.51088e-11	-0.00124999
6.51289e-11	-0.000875961
6.5149e-11	-0.000505176
6.51691e-11	-0.000137623
6.51892e-11	0.000226707
6.52093e-11	0.000587826
6.52294e-11	0.000945744
6.52495e-11	0.00130047
6.52696e-11	0.00165202
6.52897e-11	0.0020004
6.53098e-11	0.00234562
6.53299e-11	0.00268769
6.535e-11	0.00302662
6.53701e-11	0.00336243
6.53902e-11	0.00369512
6.54103e-11	0.00402471
6.54304e-11	0.00435121
6.54505e-11	0.00467463
6.54706e-11	0.00499497
6.54908e-11	0.00531226
6.55109e-11	0.00562649
6.5531e-11	0.00593769
6.55511e-11	0.00624587
6.55712e-11	0.00655103
6.55913e-11	0.00685319
6.56114e-11	0.00715236
6.56315e-11	0.00744855
6.56516e-11	0.00774177
6.56717e-11	0.00803203
6.56918e-11	0.00831936
6.57119e-11	0.00860375
6.5732e-11	0.00888522
6.57521e-11	0.00916378
6.57722e-11	0.00943944
6.57923e-11	0.00971222
6.58124e-11	0.00998213
6.58325e-11	0.0102492
6.58526e-11	0.0105134
6.58727e-11	0.0107747
6.58928e-11	0.0110333
6.59129e-11	0.011289
6.59331e-11	0.0115419
6.59532e-11	0.0117921
6.59733e-11	0.0120394
6.59934e-11	0.012284
6.60135e-11	0.0125259
6.60336e-11	0.012765
6.60537e-11	0.0130014
6.60738e-11	0.013235
6.60939e-11	0.013466
6.6114e-11	0.0136943
6.61341e-11	0.0139199
6.61542e-11	0.0141428
6.61743e-11	0.0143631
6.61944e-11	0.0145808
6.62145e-11	0.0147958
6.62346e-11	0.0150082
6.62547e-11	0.015218
6.62748e-11	0.0154253
6.62949e-11	0.0156299
6.6315e-11	0.015832
6.63351e-11	0.0160315
6.63553e-11	0.0162285
6.63754e-11	0.016423
6.63955e-11	0.016615
6.64156e-11	0.0168045
6.64357e-11	0.0169914
6.64558e-11	0.017176
6.64759e-11	0.017358
6.6496e-11	0.0175376
6.65161e-11	0.0177148
6.65362e-11	0.0178895
6.65563e-11	0.0180619
6.65764e-11	0.0182318
6.65965e-11	0.0183994
6.66166e-11	0.0185646
6.66367e-11	0.0187274
6.66568e-11	0.0188879
6.66769e-11	0.019046
6.6697e-11	0.0192019
6.67171e-11	0.0193554
6.67372e-11	0.0195067
6.67573e-11	0.0196556
6.67774e-11	0.0198023
6.67976e-11	0.0199468
6.68177e-11	0.020089
6.68378e-11	0.020229
6.68579e-11	0.0203667
6.6878e-11	0.0205023
6.68981e-11	0.0206357
6.69182e-11	0.0207669
6.69383e-11	0.0208959
6.69584e-11	0.0210228
6.69785e-11	0.0211475
6.69986e-11	0.0212702
6.70187e-11	0.0213907
6.70388e-11	0.0215091
6.70589e-11	0.0216254
6.7079e-11	0.0217397
6.70991e-11	0.0218519
6.71192e-11	0.021962
6.71393e-11	0.0220702
6.71594e-11	0.0221763
6.71795e-11	0.0222804
6.71996e-11	0.0223825
6.72197e-11	0.0224826
6.72399e-11	0.0225807
6.726e-11	0.0226769
6.72801e-11	0.0227712
6.73002e-11	0.0228635
6.73203e-11	0.0229539
6.73404e-11	0.0230424
6.73605e-11	0.023129
6.73806e-11	0.0232137
6.74007e-11	0.0232966
6.74208e-11	0.0233776
6.74409e-11	0.0234568
6.7461e-11	0.0235341
6.74811e-11	0.0236096
6.75012e-11	0.0236833
6.75213e-11	0.0237553
6.75414e-11	0.0238254
6.75615e-11	0.0238938
6.75816e-11	0.0239604
6.76017e-11	0.0240253
6.76218e-11	0.0240885
6.76419e-11	0.0241499
6.7662e-11	0.0242097
6.76822e-11	0.0242677
6.77023e-11	0.0243241
6.77224e-11	0.0243788
6.77425e-11	0.0244319
6.77626e-11	0.0244833
6.77827e-11	0.0245331
6.78028e-11	0.0245813
6.78229e-11	0.0246279
6.7843e-11	0.0246728
6.78631e-11	0.0247162
6.78832e-11	0.0247581
6.79033e-11	0.0247983
6.79234e-11	0.0248371
6.79435e-11	0.0248743
6.79636e-11	0.02491
6.79837e-11	0.0249442
6.80038e-11	0.0249769
6.80239e-11	0.0250081
6.8044e-11	0.0250378
6.80641e-11	0.0250661
6.80842e-11	0.0250929
6.81044e-11	0.0251183
6.81245e-11	0.0251423
6.81446e-11	0.0251649
6.81647e-11	0.025186
6.81848e-11	0.0252058
6.82049e-11	0.0252242
6.8225e-11	0.0252412
6.82451e-11	0.0252569
6.82652e-11	0.0252713
6.82853e-11	0.0252843
6.83054e-11	0.025296
6.83255e-11	0.0253064
6.83456e-11	0.0253155
6.83657e-11	0.0253233
6.83858e-11	0.0253299
6.84059e-11	0.0253352
6.8426e-11	0.0253392
6.84461e-11	0.025342
6.84662e-11	0.0253436
6.84863e-11	0.0253439
6.85064e-11	0.0253431
6.85265e-11	0.0253411
6.85467e-11	0.0253378
6.85668e-11	0.0253335
6.85869e-11	0.0253279
6.8607e-11	0.0253212
6.86271e-11	0.0253134
6.86472e-11	0.0253044
6.86673e-11	0.0252944
6.86874e-11	0.0252832
6.87075e-11	0.0252709
6.87276e-11	0.0252576
6.87477e-11	0.0252432
6.87678e-11	0.0252277
6.87879e-11	0.0252111
6.8808e-11	0.0251936
6.88281e-11	0.025175
6.88482e-11	0.0251553
6.88683e-11	0.0251347
6.88884e-11	0.0251131
6.89085e-11	0.0250905
6.89286e-11	0.0250669
6.89487e-11	0.0250423
6.89688e-11	0.0250168
6.8989e-11	0.0249903
6.90091e-11	0.0249629
6.90292e-11	0.0249346
6.90493e-11	0.0249053
6.90694e-11	0.0248752
6.90895e-11	0.0248441
6.91096e-11	0.0248122
6.91297e-11	0.0247794
6.91498e-11	0.0247457
6.91699e-11	0.0247112
6.919e-11	0.0246758
6.92101e-11	0.0246396
6.92302e-11	0.0246026
6.92503e-11	0.0245647
6.92704e-11	0.0245261
6.92905e-11	0.0244866
6.93106e-11	0.0244463
6.93307e-11	0.0244053
6.93508e-11	0.0243635
6.93709e-11	0.024321
6.9391e-11	0.0242776
6.94112e-11	0.0242336
6.94313e-11	0.0241888
6.94514e-11	0.0241433
6.94715e-11	0.0240971
6.94916e-11	0.0240501
6.95117e-11	0.0240025
6.95318e-11	0.0239542
6.95519e-11	0.0239052
6.9572e-11	0.0238556
6.95921e-11	0.0238052
6.96122e-11	0.0237543
6.96323e-11	0.0237026
6.96524e-11	0.0236504
6.96725e-11	0.0235975
6.96926e-11	0.023544
6.97127e-11	0.0234899
6.97328e-11	0.0234353
6.97529e-11	0.02338
6.9773e-11	0.0233241
6.97931e-11	0.0232677
6.98132e-11	0.0232106
6.98333e-11	0.0231531
6.98535e-11	0.023095
6.98736e-11	0.0230363
6.98937e-11	0.0229771
6.99138e-11	0.0229174
6.99339e-11	0.0228572
6.9954e-11	0.0227964
6.99741e-11	0.0227352
6.99942e-11	0.0226735
7.00143e-11	0.0226113
7.00344e-11	0.0225486
7.00545e-11	0.0224854
7.00746e-11	0.0224218
7.00947e-11	0.0223577
7.01148e-11	0.0222932
7.01349e-11	0.0222282
7.0155e-11	0.0221629
7.01751e-11	0.022097
7.01952e-11	0.0220308
7.02153e-11	0.0219642
7.02354e-11	0.0218971
7.02555e-11	0.0218297
7.02756e-11	0.0217619
7.02958e-11	0.0216937
7.03159e-11	0.0216251
7.0336e-11	0.0215562
7.03561e-11	0.0214869
7.03762e-11	0.0214173
7.03963e-11	0.0213473
7.04164e-11	0.021277
7.04365e-11	0.0212063
7.04566e-11	0.0211353
7.04767e-11	0.021064
7.04968e-11	0.0209924
7.05169e-11	0.0209205
7.0537e-11	0.0208483
7.05571e-11	0.0207759
7.05772e-11	0.0207031
7.05973e-11	0.02063
7.06174e-11	0.0205567
7.06375e-11	0.0204831
7.06576e-11	0.0204093
7.06777e-11	0.0203352
7.06978e-11	0.0202609
7.07179e-11	0.0201863
7.07381e-11	0.0201115
7.07582e-11	0.0200365
7.07783e-11	0.0199612
7.07984e-11	0.0198858
7.08185e-11	0.0198101
7.08386e-11	0.0197342
7.08587e-11	0.0196581
7.08788e-11	0.0195819
7.08989e-11	0.0195054
7.0919e-11	0.0194288
7.09391e-11	0.019352
7.09592e-11	0.0192751
7.09793e-11	0.0191979
7.09994e-11	0.0191207
7.10195e-11	0.0190432
7.10396e-11	0.0189657
7.10597e-11	0.0188879
7.10798e-11	0.0188101
7.10999e-11	0.0187321
7.112e-11	0.018654
7.11401e-11	0.0185758
7.11603e-11	0.0184975
7.11804e-11	0.018419
7.12005e-11	0.0183405
7.12206e-11	0.0182619
7.12407e-11	0.0181831
7.12608e-11	0.0181043
7.12809e-11	0.0180254
7.1301e-11	0.0179464
7.13211e-11	0.0178674
7.13412e-11	0.0177883
7.13613e-11	0.0177091
7.13814e-11	0.0176299
7.14015e-11	0.0175506
7.14216e-11	0.0174713
7.14417e-11	0.0173919
7.14618e-11	0.0173125
7.14819e-11	0.017233
7.1502e-11	0.0171535
7.15221e-11	0.017074
7.15422e-11	0.0169945
7.15623e-11	0.0169149
7.15824e-11	0.0168354
7.16026e-11	0.0167558
7.16227e-11	0.0166762
7.16428e-11	0.0165966
7.16629e-11	0.0165171
7.1683e-11	0.0164375
7.17031e-11	0.016358
7.17232e-11	0.0162784
7.17433e-11	0.0161989
7.17634e-11	0.0161194
7.17835e-11	0.01604
7.18036e-11	0.0159605
7.18237e-11	0.0158812
7.18438e-11	0.0158018
7.18639e-11	0.0157225
7.1884e-11	0.0156432
7.19041e-11	0.015564
7.19242e-11	0.0154849
7.19443e-11	0.0154058
7.19644e-11	0.0153268
7.19845e-11	0.0152478
7.20046e-11	0.0151689
7.20247e-11	0.0150901
7.20449e-11	0.0150113
7.2065e-11	0.0149327
7.20851e-11	0.0148541
7.21052e-11	0.0147756
7.21253e-11	0.0146972
7.21454e-11	0.0146188
7.21655e-11	0.0145406
7.21856e-11	0.0144625
7.22057e-11	0.0143845
7.22258e-11	0.0143066
7.22459e-11	0.0142288
7.2266e-11	0.0141511
7.22861e-11	0.0140735
7.23062e-11	0.013996
7.23263e-11	0.0139187
7.23464e-11	0.0138414
7.23665e-11	0.0137643
7.23866e-11	0.0136874
7.24067e-11	0.0136105
7.24268e-11	0.0135338
7.24469e-11	0.0134573
7.24671e-11	0.0133808
7.24872e-11	0.0133046
7.25073e-11	0.0132284
7.25274e-11	0.0131524
7.25475e-11	0.0130766
7.25676e-11	0.0130009
7.25877e-11	0.0129254
7.26078e-11	0.01285
7.26279e-11	0.0127748
7.2648e-11	0.0126997
7.26681e-11	0.0126248
7.26882e-11	0.0125501
7.27083e-11	0.0124755
7.27284e-11	0.0124011
7.27485e-11	0.0123269
7.27686e-11	0.0122529
7.27887e-11	0.012179
7.28088e-11	0.0121053
7.28289e-11	0.0120318
7.2849e-11	0.0119585
7.28691e-11	0.0118854
7.28892e-11	0.0118124
7.29094e-11	0.0117397
7.29295e-11	0.0116671
7.29496e-11	0.0115947
7.29697e-11	0.0115226
7.29898e-11	0.0114506
7.30099e-11	0.0113788
7.303e-11	0.0113072
7.30501e-11	0.0112359
7.30702e-11	0.0111647
7.30903e-11	0.0110937
7.31104e-11	0.011023
7.31305e-11	0.0109524
7.31506e-11	0.0108821
7.31707e-11	0.010812
7.31908e-11	0.010742
7.32109e-11	0.0106724
7.3231e-11	0.0106029
7.32511e-11	0.0105336
7.32712e-11	0.0104646
7.32913e-11	0.0103957
7.33114e-11	0.0103271
7.33315e-11	0.0102588
7.33517e-11	0.0101906
7.33718e-11	0.0101227
7.33919e-11	0.010055
7.3412e-11	0.00998754
7.34321e-11	0.0099203
7.34522e-11	0.0098533
7.34723e-11	0.00978653
7.34924e-11	0.00971999
7.35125e-11	0.00965368
7.35326e-11	0.00958762
7.35527e-11	0.00952179
7.35728e-11	0.00945619
7.35929e-11	0.00939084
7.3613e-11	0.00932573
7.36331e-11	0.00926085
7.36532e-11	0.00919622
7.36733e-11	0.00913183
7.36934e-11	0.00906769
7.37135e-11	0.00900379
7.37336e-11	0.00894014
7.37537e-11	0.00887673
7.37738e-11	0.00881357
7.3794e-11	0.00875066
7.38141e-11	0.00868799
7.38342e-11	0.00862558
7.38543e-11	0.00856342
7.38744e-11	0.0085015
7.38945e-11	0.00843984
7.39146e-11	0.00837843
7.39347e-11	0.00831728
7.39548e-11	0.00825637
7.39749e-11	0.00819573
7.3995e-11	0.00813533
7.40151e-11	0.00807519
7.40352e-11	0.00801531
7.40553e-11	0.00795568
7.40754e-11	0.00789631
7.40955e-11	0.0078372
7.41156e-11	0.00777835
7.41357e-11	0.00771975
7.41558e-11	0.00766141
7.41759e-11	0.00760333
7.4196e-11	0.00754551
7.42162e-11	0.00748795
7.42363e-11	0.00743065
7.42564e-11	0.00737361
7.42765e-11	0.00731683
7.42966e-11	0.00726031
7.43167e-11	0.00720405
7.43368e-11	0.00714806
7.43569e-11	0.00709232
7.4377e-11	0.00703685
7.43971e-11	0.00698164
7.44172e-11	0.00692669
7.44373e-11	0.00687201
7.44574e-11	0.00681758
7.44775e-11	0.00676342
7.44976e-11	0.00670952
7.45177e-11	0.00665589
7.45378e-11	0.00660252
7.45579e-11	0.00654941
7.4578e-11	0.00649656
7.45981e-11	0.00644398
7.46182e-11	0.00639166
7.46383e-11	0.0063396
7.46585e-11	0.00628781
7.46786e-11	0.00623628
7.46987e-11	0.00618501
7.47188e-11	0.00613401
7.47389e-11	0.00608327
7.4759e-11	0.00603279
7.47791e-11	0.00598257
7.47992e-11	0.00593262
7.48193e-11	0.00588293
7.48394e-11	0.0058335
7.48595e-11	0.00578433
7.48796e-11	0.00573543
7.48997e-11	0.00568679
7.49198e-11	0.00563841
7.49399e-11	0.00559029
7.496e-11	0.00554243
7.49801e-11	0.00549483
7.50002e-11	0.00544749
7.50203e-11	0.00540042
7.50404e-11	0.0053536
7.50605e-11	0.00530704
7.50806e-11	0.00526075
7.51008e-11	0.00521471
7.51209e-11	0.00516893
7.5141e-11	0.00512341
7.51611e-11	0.00507815
7.51812e-11	0.00503314
7.52013e-11	0.0049884
7.52214e-11	0.00494391
7.52415e-11	0.00489968
7.52616e-11	0.0048557
7.52817e-11	0.00481198
7.53018e-11	0.00476852
7.53219e-11	0.00472531
7.5342e-11	0.00468235
7.53621e-11	0.00463965
7.53822e-11	0.0045972
7.54023e-11	0.00455501
7.54224e-11	0.00451307
7.54425e-11	0.00447138
7.54626e-11	0.00442994
7.54827e-11	0.00438876
7.55028e-11	0.00434782
7.5523e-11	0.00430714
7.55431e-11	0.0042667
7.55632e-11	0.00422651
7.55833e-11	0.00418658
7.56034e-11	0.00414689
7.56235e-11	0.00410745
7.56436e-11	0.00406825
7.56637e-11	0.0040293
7.56838e-11	0.0039906
7.57039e-11	0.00395214
7.5724e-11	0.00391393
7.57441e-11	0.00387596
7.57642e-11	0.00383823
7.57843e-11	0.00380075
7.58044e-11	0.0037635
7.58245e-11	0.0037265
7.58446e-11	0.00368974
7.58647e-11	0.00365322
7.58848e-11	0.00361694
7.59049e-11	0.0035809
7.5925e-11	0.00354509
7.59451e-11	0.00350953
7.59653e-11	0.0034742
7.59854e-11	0.0034391
7.60055e-11	0.00340424
7.60256e-11	0.00336961
7.60457e-11	0.00333522
7.60658e-11	0.00330106
7.60859e-11	0.00326714
7.6106e-11	0.00323344
7.61261e-11	0.00319998
7.61462e-11	0.00316674
7.61663e-11	0.00313374
7.61864e-11	0.00310096
7.62065e-11	0.00306841
7.62266e-11	0.00303609
7.62467e-11	0.00300399
7.62668e-11	0.00297212
7.62869e-11	0.00294048
7.6307e-11	0.00290905
7.63271e-11	0.00287785
7.63472e-11	0.00284688
7.63673e-11	0.00281612
7.63874e-11	0.00278559
7.64076e-11	0.00275527
7.64277e-11	0.00272517
7.64478e-11	0.0026953
7.64679e-11	0.00266563
7.6488e-11	0.00263619
7.65081e-11	0.00260696
7.65282e-11	0.00257795
7.65483e-11	0.00254915
7.65684e-11	0.00252056
7.65885e-11	0.00249218
7.66086e-11	0.00246402
7.66287e-11	0.00243607
7.66488e-11	0.00240833
7.66689e-11	0.00238079
7.6689e-11	0.00235347
7.67091e-11	0.00232635
7.67292e-11	0.00229943
7.67493e-11	0.00227273
7.67694e-11	0.00224622
7.67895e-11	0.00221992
7.68096e-11	0.00219383
7.68297e-11	0.00216793
7.68499e-11	0.00214224
7.687e-11	0.00211675
7.68901e-11	0.00209145
7.69102e-11	0.00206636
7.69303e-11	0.00204146
7.69504e-11	0.00201676
7.69705e-11	0.00199225
7.69906e-11	0.00196794
7.70107e-11	0.00194382
7.70308e-11	0.0019199
7.70509e-11	0.00189617
7.7071e-11	0.00187263
7.70911e-11	0.00184928
7.71112e-11	0.00182612
7.71313e-11	0.00180314
7.71514e-11	0.00178036
7.71715e-11	0.00175776
7.71916e-11	0.00173535
7.72117e-11	0.00171312
7.72318e-11	0.00169108
7.72519e-11	0.00166922
7.72721e-11	0.00164754
7.72922e-11	0.00162604
7.73123e-11	0.00160473
7.73324e-11	0.00158359
7.73525e-11	0.00156263
7.73726e-11	0.00154185
7.73927e-11	0.00152125
7.74128e-11	0.00150082
7.74329e-11	0.00148056
7.7453e-11	0.00146048
7.74731e-11	0.00144058
7.74932e-11	0.00142084
7.75133e-11	0.00140128
7.75334e-11	0.00138189
7.75535e-11	0.00136266
7.75736e-11	0.00134361
7.75937e-11	0.00132472
7.76138e-11	0.001306
7.76339e-11	0.00128744
7.7654e-11	0.00126905
7.76741e-11	0.00125083
7.76942e-11	0.00123276
7.77144e-11	0.00121486
7.77345e-11	0.00119712
7.77546e-11	0.00117954
7.77747e-11	0.00116212
7.77948e-11	0.00114486
7.78149e-11	0.00112775
7.7835e-11	0.0011108
7.78551e-11	0.00109401
7.78752e-11	0.00107738
7.78953e-11	0.00106089
7.79154e-11	0.00104456
7.79355e-11	0.00102838
7.79556e-11	0.00101236
7.79757e-11	0.000996479
7.79958e-11	0.000980752
7.80159e-11	0.000965173
7.8036e-11	0.000949742
7.80561e-11	0.000934458
7.80762e-11	0.000919319
7.80963e-11	0.000904326
7.81164e-11	0.000889476
7.81365e-11	0.00087477
7.81567e-11	0.000860206
7.81768e-11	0.000845784
7.81969e-11	0.000831502
7.8217e-11	0.00081736
7.82371e-11	0.000803356
7.82572e-11	0.000789491
7.82773e-11	0.000775762
7.82974e-11	0.00076217
7.83175e-11	0.000748713
7.83376e-11	0.00073539
7.83577e-11	0.000722201
7.83778e-11	0.000709145
7.83979e-11	0.000696221
7.8418e-11	0.000683427
7.84381e-11	0.000670764
7.84582e-11	0.00065823
7.84783e-11	0.000645824
7.84984e-11	0.000633546
7.85185e-11	0.000621394
7.85386e-11	0.000609369
7.85587e-11	0.000597468
7.85789e-11	0.000585692
7.8599e-11	0.000574039
7.86191e-11	0.000562508
7.86392e-11	0.000551099
7.86593e-11	0.000539811
7.86794e-11	0.000528643
7.86995e-11	0.000517594
7.87196e-11	0.000506663
7.87397e-11	0.00049585
7.87598e-11	0.000485153
7.87799e-11	0.000474572
7.88e-11	0.000464107
7.88201e-11	0.000453755
7.88402e-11	0.000443517
7.88603e-11	0.000433392
7.88804e-11	0.000423379
7.89005e-11	0.000413476
7.89206e-11	0.000403684
7.89407e-11	0.000394001
7.89608e-11	0.000384426
7.89809e-11	0.00037496
7.9001e-11	0.0003656
7.90212e-11	0.000356347
7.90413e-11	0.000347199
7.90614e-11	0.000338156
7.90815e-11	0.000329217
7.91016e-11	0.000320381
7.91217e-11	0.000311647
7.91418e-11	0.000303015
7.91619e-11	0.000294483
7.9182e-11	0.000286052
7.92021e-11	0.00027772
7.92222e-11	0.000269486
7.92423e-11	0.00026135
7.92624e-11	0.000253312
7.92825e-11	0.000245369
7.93026e-11	0.000237522
7.93227e-11	0.00022977
7.93428e-11	0.000222112
7.93629e-11	0.000214547
7.9383e-11	0.000207075
7.94031e-11	0.000199694
7.94232e-11	0.000192405
7.94433e-11	0.000185206
7.94635e-11	0.000178097
7.94836e-11	0.000171077
7.95037e-11	0.000164145
7.95238e-11	0.0001573
7.95439e-11	0.000150542
7.9564e-11	0.000143871
7.95841e-11	0.000137285
7.96042e-11	0.000130783
7.96243e-11	0.000124366
7.96444e-11	0.000118032
7.96645e-11	0.00011178
7.96846e-11	0.000105611
7.97047e-11	9.95224e-05
7.97248e-11	9.35147e-05
7.97449e-11	8.75869e-05
7.9765e-11	8.17384e-05
7.97851e-11	7.59684e-05
7.98052e-11	7.02764e-05
7.98253e-11	6.46616e-05
7.98454e-11	5.91233e-05
7.98655e-11	5.3661e-05
7.98856e-11	4.8274e-05
7.99058e-11	4.29615e-05
7.99259e-11	3.77231e-05
7.9946e-11	3.25579e-05
7.99661e-11	2.74655e-05
7.99862e-11	2.24451e-05
8.00063e-11	1.74961e-05
8.00264e-11	1.26179e-05
8.00465e-11	7.8099e-06
8.00666e-11	3.07141e-06
8.00867e-11	-1.59816e-06
8.01068e-11	-6.19943e-06
8.01269e-11	-1.0733e-05
8.0147e-11	-1.51995e-05
8.01671e-11	-1.95996e-05
8.01872e-11	-2.39338e-05
8.02073e-11	-2.82027e-05
8.02274e-11	-3.24069e-05
8.02475e-11	-3.65471e-05
8.02676e-11	-4.06238e-05
8.02877e-11	-4.46376e-05
8.03078e-11	-4.85891e-05
8.0328e-11	-5.24788e-05
8.03481e-11	-5.63074e-05
8.03682e-11	-6.00754e-05
8.03883e-11	-6.37834e-05
8.04084e-11	-6.7432e-05
8.04285e-11	-7.10217e-05
8.04486e-11	-7.45531e-05
8.04687e-11	-7.80267e-05
8.04888e-11	-8.14431e-05
8.05089e-11	-8.48028e-05
8.0529e-11	-8.81065e-05
8.05491e-11	-9.13545e-05
8.05692e-11	-9.45476e-05
8.05893e-11	-9.76861e-05
8.06094e-11	-0.000100771
8.06295e-11	-0.000103802
8.06496e-11	-0.00010678
8.06697e-11	-0.000109706
8.06898e-11	-0.00011258
8.07099e-11	-0.000115403
8.073e-11	-0.000118175
8.07501e-11	-0.000120897
8.07703e-11	-0.000123568
8.07904e-11	-0.000126191
8.08105e-11	-0.000128765
8.08306e-11	-0.00013129
8.08507e-11	-0.000133768
8.08708e-11	-0.000136198
8.08909e-11	-0.000138582
8.0911e-11	-0.000140919
8.09311e-11	-0.000143211
8.09512e-11	-0.000145457
8.09713e-11	-0.000147658
8.09914e-11	-0.000149814
8.10115e-11	-0.000151927
8.10316e-11	-0.000153997
8.10517e-11	-0.000156023
8.10718e-11	-0.000158007
8.10919e-11	-0.000159948
8.1112e-11	-0.000161848
8.11321e-11	-0.000163707
8.11522e-11	-0.000165525
8.11723e-11	-0.000167303
8.11924e-11	-0.000169041
8.12126e-11	-0.000170739
8.12327e-11	-0.000172399
8.12528e-11	-0.00017402
8.12729e-11	-0.000175602
8.1293e-11	-0.000177148
8.13131e-11	-0.000178655
8.13332e-11	-0.000180126
8.13533e-11	-0.000181561
8.13734e-11	-0.000182959
8.13935e-11	-0.000184322
8.14136e-11	-0.00018565
8.14337e-11	-0.000186943
8.14538e-11	-0.000188202
8.14739e-11	-0.000189426
8.1494e-11	-0.000190617
8.15141e-11	-0.000191775
8.15342e-11	-0.0001929
8.15543e-11	-0.000193992
8.15744e-11	-0.000195053
8.15945e-11	-0.000196081
8.16146e-11	-0.000197079
8.16348e-11	-0.000198045
8.16549e-11	-0.000198981
8.1675e-11	-0.000199887
8.16951e-11	-0.000200763
8.17152e-11	-0.00020161
8.17353e-11	-0.000202428
8.17554e-11	-0.000203216
8.17755e-11	-0.000203977
8.17956e-11	-0.000204709
8.18157e-11	-0.000205414
8.18358e-11	-0.000206092
8.18559e-11	-0.000206742
8.1876e-11	-0.000207366
8.18961e-11	-0.000207964
8.19162e-11	-0.000208536
8.19363e-11	-0.000209082
8.19564e-11	-0.000209603
8.19765e-11	-0.000210099
8.19966e-11	-0.00021057
8.20167e-11	-0.000211017
8.20368e-11	-0.00021144
8.20569e-11	-0.000211839
8.20771e-11	-0.000212215
8.20972e-11	-0.000212568
8.21173e-11	-0.000212898
8.21374e-11	-0.000213206
8.21575e-11	-0.000213492
8.21776e-11	-0.000213756
8.21977e-11	-0.000213998
8.22178e-11	-0.000214219
8.22379e-11	-0.000214419
8.2258e-11	-0.000214599
8.22781e-11	-0.000214758
8.22982e-11	-0.000214897
8.23183e-11	-0.000215017
8.23384e-11	-0.000215117
8.23585e-11	-0.000215198
8.23786e-11	-0.000215259
8.23987e-11	-0.000215302
8.24188e-11	-0.000215327
8.24389e-11	-0.000215334
8.2459e-11	-0.000215323
8.24791e-11	-0.000215294
8.24992e-11	-0.000215248
8.25194e-11	-0.000215185
8.25395e-11	-0.000215105
8.25596e-11	-0.000215008
8.25797e-11	-0.000214895
8.25998e-11	-0.000214766
8.26199e-11	-0.000214622
8.264e-11	-0.000214461
8.26601e-11	-0.000214286
8.26802e-11	-0.000214095
8.27003e-11	-0.00021389
8.27204e-11	-0.00021367
8.27405e-11	-0.000213436
8.27606e-11	-0.000213187
8.27807e-11	-0.000212925
8.28008e-11	-0.000212649
8.28209e-11	-0.000212359
8.2841e-11	-0.000212057
8.28611e-11	-0.000211741
8.28812e-11	-0.000211412
8.29013e-11	-0.000211071
8.29214e-11	-0.000210718
8.29416e-11	-0.000210353
8.29617e-11	-0.000209975
8.29818e-11	-0.000209586
8.30019e-11	-0.000209185
8.3022e-11	-0.000208774
8.30421e-11	-0.000208351
8.30622e-11	-0.000207917
8.30823e-11	-0.000207472
8.31024e-11	-0.000207017
8.31225e-11	-0.000206552
8.31426e-11	-0.000206076
8.31627e-11	-0.000205591
8.31828e-11	-0.000205095
8.32029e-11	-0.000204591
8.3223e-11	-0.000204077
8.32431e-11	-0.000203553
8.32632e-11	-0.000203021
8.32833e-11	-0.00020248
8.33034e-11	-0.00020193
8.33235e-11	-0.000201372
8.33436e-11	-0.000200806
8.33637e-11	-0.000200231
8.33839e-11	-0.000199649
8.3404e-11	-0.000199058
8.34241e-11	-0.000198461
8.34442e-11	-0.000197855
8.34643e-11	-0.000197243
8.34844e-11	-0.000196623
8.35045e-11	-0.000195996
8.35246e-11	-0.000195362
8.35447e-11	-0.000194722
8.35648e-11	-0.000194075
8.35849e-11	-0.000193422
8.3605e-11	-0.000192763
8.36251e-11	-0.000192098
8.36452e-11	-0.000191427
8.36653e-11	-0.000190749
8.36854e-11	-0.000190067
8.37055e-11	-0.000189379
8.37256e-11	-0.000188685
8.37457e-11	-0.000187987
8.37658e-11	-0.000187283
8.37859e-11	-0.000186574
8.3806e-11	-0.000185861
8.38262e-11	-0.000185143
8.38463e-11	-0.00018442
8.38664e-11	-0.000183693
8.38865e-11	-0.000182962
8.39066e-11	-0.000182227
8.39267e-11	-0.000181487
8.39468e-11	-0.000180744
8.39669e-11	-0.000179997
8.3987e-11	-0.000179246
8.40071e-11	-0.000178492
8.40272e-11	-0.000177734
8.40473e-11	-0.000176973
8.40674e-11	-0.000176209
8.40875e-11	-0.000175442
8.41076e-11	-0.000174672
8.41277e-11	-0.000173899
8.41478e-11	-0.000173123
8.41679e-11	-0.000172345
8.4188e-11	-0.000171564
8.42081e-11	-0.00017078
8.42282e-11	-0.000169995
8.42483e-11	-0.000169207
8.42685e-11	-0.000168417
8.42886e-11	-0.000167625
8.43087e-11	-0.000166831
8.43288e-11	-0.000166035
8.43489e-11	-0.000165237
8.4369e-11	-0.000164438
8.43891e-11	-0.000163637
8.44092e-11	-0.000162835
8.44293e-11	-0.000162032
8.44494e-11	-0.000161227
8.44695e-11	-0.000160421
8.44896e-11	-0.000159614
8.45097e-11	-0.000158806
8.45298e-11	-0.000157997
8.45499e-11	-0.000157187
8.457e-11	-0.000156376
8.45901e-11	-0.000155565
8.46102e-11	-0.000154753
8.46303e-11	-0.00015394
8.46504e-11	-0.000153128
8.46705e-11	-0.000152314
8.46907e-11	-0.000151501
8.47108e-11	-0.000150687
8.47309e-11	-0.000149873
8.4751e-11	-0.000149059
8.47711e-11	-0.000148245
8.47912e-11	-0.000147431
8.48113e-11	-0.000146618
8.48314e-11	-0.000145804
8.48515e-11	-0.000144991
8.48716e-11	-0.000144178
8.48917e-11	-0.000143365
8.49118e-11	-0.000142553
8.49319e-11	-0.000141741
8.4952e-11	-0.00014093
8.49721e-11	-0.00014012
8.49922e-11	-0.00013931
8.50123e-11	-0.000138501
8.50324e-11	-0.000137693
8.50525e-11	-0.000136886
8.50726e-11	-0.00013608
8.50927e-11	-0.000135275
8.51128e-11	-0.000134471
8.5133e-11	-0.000133667
8.51531e-11	-0.000132866
8.51732e-11	-0.000132065
8.51933e-11	-0.000131265
8.52134e-11	-0.000130467
8.52335e-11	-0.00012967
8.52536e-11	-0.000128875
8.52737e-11	-0.000128081
8.52938e-11	-0.000127288
8.53139e-11	-0.000126497
8.5334e-11	-0.000125708
8.53541e-11	-0.00012492
8.53742e-11	-0.000124134
8.53943e-11	-0.00012335
8.54144e-11	-0.000122567
8.54345e-11	-0.000121786
8.54546e-11	-0.000121007
8.54747e-11	-0.00012023
8.54948e-11	-0.000119455
8.55149e-11	-0.000118682
8.5535e-11	-0.000117911
8.55551e-11	-0.000117141
8.55753e-11	-0.000116374
8.55954e-11	-0.000115609
8.56155e-11	-0.000114846
8.56356e-11	-0.000114085
