% time-domain voltage integration by openEMS v0.0.36 @Wed Sep  9 01:33:15 2026
% start-coordinates: (0,0.00125173,0) m -> [16,16,0]
% stop-coordinates: (0,0.00125173,0.0001) m -> [16,16,4]
% t/s	voltage
0	-0
1.84962370648e-12	-9.6119759263e-08
3.69924741296e-12	-1.19510259466e-07
5.54887111944e-12	-7.6288537848e-09
7.39849482592e-12	4.29505121247e-07
9.2481185324e-12	1.51593360442e-06
1.10977422389e-11	3.62219475392e-06
1.29473659454e-11	6.92196817909e-06
1.47969896518e-11	1.09446305032e-05
1.66466133583e-11	1.39606343055e-05
1.84962370648e-11	1.25116637264e-05
2.03458607713e-11	1.6059366601e-06
2.21954844777e-11	-2.39506780417e-05
2.40451081842e-11	-6.68134271109e-05
2.58947318907e-11	-0.000123609343063
2.77443555972e-11	-0.000182246865734
2.95939793037e-11	-0.000222180256969
3.14436030101e-11	-0.000219155503146
3.32932267166e-11	-0.000154092955199
3.51428504231e-11	-2.32120924011e-05
3.69924741296e-11	0.000155425750563
3.88420978361e-11	0.000343260217051
4.06917215425e-11	0.000491790357046
4.2541345249e-11	0.000559031454031
4.43909689555e-11	0.000525128212757
4.6240592662e-11	0.000400048149459
4.80902163685e-11	0.000219725290663
4.99398400749e-11	3.24855441249e-05
5.17894637814e-11	-0.000118027728604
5.36390874879e-11	-0.000206056047318
5.54887111944e-11	-0.000228342240007
5.73383349009e-11	-0.000199895050173
5.91879586073e-11	-0.000144482251926
6.10375823138e-11	-8.48199197208e-05
6.28872060203e-11	-3.61890370186e-05
6.47368297268e-11	-4.74213601365e-06
6.65864534332e-11	1.05607059595e-05
6.84360771397e-11	1.4483265204e-05
7.02857008462e-11	1.23742463529e-05
7.21353245527e-11	8.31584338812e-06
7.39849482592e-11	4.59974114619e-06
7.58345719656e-11	2.05212114679e-06
7.76841956721e-11	6.44193420385e-07
7.95338193786e-11	2.86152070927e-08
8.13834430851e-11	-1.48833795066e-07
8.32330667916e-11	-1.30854196811e-07
8.5082690498e-11	-4.96792189608e-08
8.69323142045e-11	7.4943642403e-09
8.8781937911e-11	3.47425341829e-08
9.06315616175e-11	2.38849864331e-08
9.2481185324e-11	-3.0915630056e-08
9.43308090304e-11	-1.21698636946e-07
9.61804327369e-11	-2.17466233465e-07
9.80300564434e-11	-2.80954985499e-07
9.98796801499e-11	-2.81273997871e-07
1.01729303856e-10	-2.05355512151e-07
1.03578927563e-10	-6.4088641949e-08
1.05428551269e-10	1.19034737622e-07
1.07278174976e-10	3.18340987349e-07
1.09127798682e-10	5.16176484666e-07
1.10977422389e-10	7.02638914163e-07
1.12827046095e-10	8.5651339532e-07
1.14676669802e-10	9.31943702653e-07
1.16526293508e-10	8.49935787528e-07
1.18375917215e-10	5.10690128408e-07
1.20225540921e-10	-1.69658811444e-07
1.22075164628e-10	-1.20783948887e-06
1.23924788334e-10	-2.5072919243e-06
1.25774412041e-10	-3.83909429047e-06
1.27624035747e-10	-4.86864439608e-06
1.29473659454e-10	-5.23635287664e-06
1.3132328316e-10	-4.67315294372e-06
1.33172906866e-10	-3.11550849119e-06
1.35022530573e-10	-7.67036766547e-07
1.36872154279e-10	1.92012072375e-06
1.38721777986e-10	4.36113396063e-06
1.40571401692e-10	6.0037870071e-06
1.42421025399e-10	6.4997930167e-06
1.44270649105e-10	5.80499863645e-06
1.46120272812e-10	4.17809792452e-06
1.47969896518e-10	2.08233910826e-06
1.49819520225e-10	3.11785703921e-08
1.51669143931e-10	-1.56527417516e-06
1.53518767638e-10	-2.48613713438e-06
1.55368391344e-10	-2.72357993936e-06
1.57218015051e-10	-2.42780924964e-06
1.59067638757e-10	-1.83145013466e-06
1.60917262464e-10	-1.16031165476e-06
1.6276688617e-10	-5.87536433727e-07
1.64616509877e-10	-2.01323366866e-07
1.66466133583e-10	-9.28541876721e-09
1.6831575729e-10	3.94203425458e-08
1.70165380996e-10	2.12950608258e-08
1.72015004703e-10	3.99003363682e-09
1.73864628409e-10	2.1113363502e-08
1.75714252116e-10	6.59375825052e-08
1.77563875822e-10	1.03571709431e-07
1.79413499528e-10	9.96043407753e-08
1.81263123235e-10	4.34657074777e-08
1.83112746941e-10	-4.45024710416e-08
1.84962370648e-10	-1.21763960692e-07
1.86811994354e-10	-1.50613004735e-07
1.88661618061e-10	-1.20196391507e-07
1.90511241767e-10	-5.11031910122e-08
1.92360865474e-10	1.52211439008e-08
1.9421048918e-10	3.99620319058e-08
1.96060112887e-10	6.5350522771e-09
1.97909736593e-10	-7.2948164842e-08
1.997593603e-10	-1.63161182343e-07
2.01608984006e-10	-2.27428415656e-07
2.03458607713e-10	-2.46119107317e-07
2.05308231419e-10	-2.30092560116e-07
2.07157855126e-10	-2.19837744453e-07
2.09007478832e-10	-2.84981325649e-07
2.10857102539e-10	-5.32779125706e-07
2.12706726245e-10	-1.06681520151e-06
2.14556349952e-10	-1.97220924747e-06
2.16405973658e-10	-3.255727961e-06
2.18255597365e-10	-4.75151296087e-06
2.20105221071e-10	-6.07996526014e-06
2.21954844777e-10	-6.62194781853e-06
2.23804468484e-10	-5.65597599689e-06
2.2565409219e-10	-2.60817739672e-06
2.27503715897e-10	2.62406246065e-06
2.29353339603e-10	9.39563415159e-06
2.3120296331e-10	1.62952201208e-05
2.33052587016e-10	2.14576775761e-05
2.34902210723e-10	2.3165679977e-05
2.36751834429e-10	2.05257319976e-05
2.38601458136e-10	1.3904860225e-05
2.40451081842e-10	4.89823878524e-06
2.42300705549e-10	-4.19823572884e-06
2.44150329255e-10	-1.1186481288e-05
2.45999952962e-10	-1.468383266e-05
2.47849576668e-10	-1.44575556078e-05
2.49699200375e-10	-1.12916504804e-05
2.51548824081e-10	-6.52332028039e-06
2.53398447788e-10	-1.51287389372e-06
2.55248071494e-10	2.7223703114e-06
2.57097695201e-10	5.62524030556e-06
2.58947318907e-10	7.02879947312e-06
2.60796942614e-10	7.01805208791e-06
2.6264656632e-10	5.83109601848e-06
2.64496190027e-10	3.81453935461e-06
2.66345813733e-10	1.40131731996e-06
2.68195437439e-10	-9.35871597108e-07
2.70045061146e-10	-2.77122802572e-06
2.71894684852e-10	-3.82450986081e-06
2.73744308559e-10	-4.02528894483e-06
2.75593932265e-10	-3.50943906824e-06
2.77443555972e-10	-2.55389608128e-06
2.79293179678e-10	-1.46827403569e-06
2.81142803385e-10	-5.08707060476e-07
2.82992427091e-10	1.80762270929e-07
2.84842050798e-10	5.64114401413e-07
2.86691674504e-10	6.84069107137e-07
2.88541298211e-10	6.15551684291e-07
2.90390921917e-10	4.39479755698e-07
2.92240545624e-10	2.25471289639e-07
2.9409016933e-10	3.25910831656e-08
2.95939793037e-10	-9.58265342632e-08
2.97789416743e-10	-1.42097920985e-07
2.9963904045e-10	-1.13088441722e-07
3.01488664156e-10	-4.42457821492e-08
3.03338287863e-10	1.85219302118e-08
3.05187911569e-10	3.81259290805e-08
3.07037535276e-10	3.49209683392e-09
3.08887158982e-10	-6.63869030859e-08
3.10736782688e-10	-1.34558145959e-07
3.12586406395e-10	-1.66995658191e-07
3.14436030101e-10	-1.51339879295e-07
3.16285653808e-10	-1.00640736633e-07
3.18135277514e-10	-4.74648693682e-08
3.19984901221e-10	-2.2405550304e-08
3.21834524927e-10	-4.01156015073e-08
3.23684148634e-10	-9.00195029629e-08
3.2553377234e-10	-1.43616077253e-07
3.27383396047e-10	-1.67917619365e-07
3.29233019753e-10	-1.43760143345e-07
3.3108264346e-10	-7.34642604527e-08
3.32932267166e-10	1.95602769537e-08
3.34781890873e-10	1.02993594098e-07
3.36631514579e-10	1.53500970157e-07
3.38481138286e-10	1.68033736259e-07
3.40330761992e-10	1.59501745145e-07
3.42180385699e-10	1.53260518942e-07
3.44030009405e-10	1.71750166089e-07
3.45879633112e-10	2.11157114904e-07
3.47729256818e-10	2.45145734823e-07
3.49578880525e-10	2.29109772931e-07
3.51428504231e-10	1.14258341455e-07
3.53278127938e-10	-1.14611363955e-07
3.55127751644e-10	-4.36704588935e-07
3.5697737535e-10	-7.85937373848e-07
3.58826999057e-10	-1.09260537329e-06
3.60676622763e-10	-1.30982957103e-06
3.6252624647e-10	-1.45049287426e-06
3.64375870176e-10	-1.56930713047e-06
3.66225493883e-10	-1.71693289985e-06
3.68075117589e-10	-1.88297008208e-06
3.69924741296e-10	-1.95787083612e-06
3.71774365002e-10	-1.75649782364e-06
3.73623988709e-10	-1.09985651875e-06
3.75473612415e-10	8.50621173498e-08
3.77323236122e-10	1.68781966181e-06
3.79172859828e-10	3.40953710065e-06
3.81022483535e-10	4.83374105897e-06
3.82872107241e-10	5.5558891745e-06
3.84721730948e-10	5.31563057393e-06
3.86571354654e-10	4.09338667851e-06
3.88420978361e-10	2.12948049239e-06
3.90270602067e-10	-1.39995499637e-07
3.92120225774e-10	-2.20755549662e-06
3.9396984948e-10	-3.64453796919e-06
3.95819473187e-10	-4.21715947141e-06
3.97669096893e-10	-3.9384763113e-06
3.99518720599e-10	-3.03301152371e-06
4.01368344306e-10	-1.83938809073e-06
4.03217968012e-10	-6.91240430228e-07
4.05067591719e-10	1.79446494997e-07
4.06917215425e-10	6.80557846522e-07
4.08766839132e-10	8.42047029437e-07
4.10616462838e-10	7.61245914305e-07
4.12466086545e-10	5.51306499119e-07
4.14315710251e-10	3.02681073094e-07
4.16165333958e-10	7.78202551288e-08
4.18014957664e-10	-8.57566195833e-08
4.19864581371e-10	-1.66953441294e-07
4.21714205077e-10	-1.65203932312e-07
4.23563828784e-10	-1.00334824893e-07
4.2541345249e-10	-1.27356423185e-08
4.27263076197e-10	4.8339099834e-08
4.29112699903e-10	5.00224519584e-08
4.3096232361e-10	-8.41914671312e-09
4.32811947316e-10	-9.70443991832e-08
4.34661571023e-10	-1.68823504509e-07
4.36511194729e-10	-1.86330201046e-07
4.38360818436e-10	-1.43688239973e-07
4.40210442142e-10	-6.60525127927e-08
4.42060065848e-10	9.47478762114e-10
4.43909689555e-10	1.93863138875e-08
4.45759313261e-10	-2.21761027319e-08
4.47608936968e-10	-1.00466921893e-07
4.49458560674e-10	-1.70931276244e-07
4.51308184381e-10	-1.90355834206e-07
4.53157808087e-10	-1.39098261798e-07
4.55007431794e-10	-3.1637091169e-08
4.568570555e-10	9.23823115784e-08
4.58706679207e-10	1.86223164889e-07
4.60556302913e-10	2.21756010887e-07
4.6240592662e-10	1.99975911386e-07
4.64255550326e-10	1.51490233691e-07
4.66105174033e-10	1.13356790621e-07
4.67954797739e-10	1.08060582704e-07
4.69804421446e-10	1.3000887833e-07
4.71654045152e-10	1.4458390396e-07
4.73503668859e-10	9.64292290462e-08
4.75353292565e-10	-5.55190684537e-08
4.77202916272e-10	-3.198694003e-07
4.79052539978e-10	-6.63778891408e-07
4.80902163685e-10	-1.01828999277e-06
4.82751787391e-10	-1.31187178454e-06
4.84601411098e-10	-1.50433939439e-06
4.86451034804e-10	-1.60084914569e-06
4.8830065851e-10	-1.64258830182e-06
4.90150282217e-10	-1.6584561422e-06
4.91999905923e-10	-1.62449580898e-06
4.9384952963e-10	-1.43841060662e-06
4.95699153336e-10	-9.57294759019e-07
4.97548777043e-10	-6.98174491554e-08
4.99398400749e-10	1.21458282365e-06
5.01248024456e-10	2.72092751175e-06
5.03097648162e-10	4.12689132645e-06
5.04947271869e-10	5.05106629589e-06
5.06796895575e-10	5.17985381521e-06
5.08646519282e-10	4.37912513007e-06
5.10496142988e-10	2.75133891137e-06
5.12345766695e-10	6.25402535093e-07
5.14195390401e-10	-1.53713199325e-06
5.16045014108e-10	-3.26587473864e-06
5.17894637814e-10	-4.21876734436e-06
5.19744261521e-10	-4.27303598372e-06
5.21593885227e-10	-3.54524786417e-06
5.23443508934e-10	-2.33675632444e-06
5.2529313264e-10	-1.02097081367e-06
5.27142756347e-10	7.80192834782e-08
5.28992380053e-10	7.73964401901e-07
5.30842003759e-10	1.03924199379e-06
5.32691627466e-10	9.69370688608e-07
5.34541251172e-10	7.1100478749e-07
5.36390874879e-10	4.00257171407e-07
5.38240498585e-10	1.24957338699e-07
5.40090122292e-10	-7.39791161664e-08
5.41939745998e-10	-1.87134133967e-07
5.43789369705e-10	-2.20519691396e-07
5.45638993411e-10	-1.86396441393e-07
5.47488617118e-10	-1.13352742304e-07
5.49338240824e-10	-3.76558633164e-08
5.51187864531e-10	1.40452383057e-09
5.53037488237e-10	-1.68568927705e-08
5.54887111944e-10	-8.22163368497e-08
5.5673673565e-10	-1.55655691003e-07
5.58586359357e-10	-1.90208211848e-07
5.60435983063e-10	-1.60007001426e-07
5.6228560677e-10	-7.44838519751e-08
5.64135230476e-10	2.31525865146e-08
5.65984854183e-10	7.7711526103e-08
5.67834477889e-10	5.56798536167e-08
5.69684101596e-10	-3.7542262632e-08
5.71533725302e-10	-1.57781563814e-07
5.73383349009e-10	-2.4143268007e-07
5.75232972715e-10	-2.39864306195e-07
5.77082596421e-10	-1.41501818263e-07
5.78932220128e-10	1.96363365568e-08
5.80781843834e-10	1.8259135004e-07
5.82631467541e-10	2.85538924061e-07
5.84481091247e-10	2.98372874852e-07
5.86330714954e-10	2.32573263759e-07
5.8818033866e-10	1.33611639086e-07
5.90029962367e-10	5.24084793341e-08
5.91879586073e-10	1.83836550427e-08
5.9372920978e-10	1.95576834727e-08
5.95578833486e-10	1.05738440226e-08
5.97428457193e-10	-6.55888943157e-08
5.99278080899e-10	-2.49543454345e-07
6.01127704606e-10	-5.41722002367e-07
6.02977328312e-10	-8.95680045687e-07
6.04826952019e-10	-1.23609194702e-06
6.06676575725e-10	-1.49329426335e-06
6.08526199432e-10	-1.62617169508e-06
6.10375823138e-10	-1.63896589811e-06
6.12225446845e-10	-1.56317804567e-06
6.14075070551e-10	-1.41805929843e-06
6.15924694258e-10	-1.17708290759e-06
6.17774317964e-10	-7.60524997645e-07
6.1962394167e-10	-7.02571538724e-08
6.21473565377e-10	9.38605339229e-07
6.23323189083e-10	2.19362448206e-06
6.2517281279e-10	3.4791448229e-06
6.27022436496e-10	4.47897809863e-06
6.28872060203e-10	4.87173713282e-06
6.30721683909e-10	4.44670399702e-06
6.32571307616e-10	3.18954982959e-06
6.34420931322e-10	1.30845478452e-06
6.36270555029e-10	-8.1316017031e-07
6.38120178735e-10	-2.71828236009e-06
6.39969802442e-10	-4.0045742935e-06
6.41819426148e-10	-4.43322403498e-06
6.43669049855e-10	-3.99368332182e-06
6.45518673561e-10	-2.89643941187e-06
6.47368297268e-10	-1.49708068875e-06
6.49217920974e-10	-1.76189153933e-07
6.51067544681e-10	7.75127915631e-07
6.52917168387e-10	1.23102020666e-06
6.54766792094e-10	1.23512376149e-06
6.566164158e-10	9.43301344591e-07
6.58466039507e-10	5.42499051903e-07
6.60315663213e-10	1.76848494959e-07
6.6216528692e-10	-7.93746259831e-08
6.64014910626e-10	-2.17826116256e-07
6.65864534332e-10	-2.60873832758e-07
6.67714158039e-10	-2.37908103884e-07
6.69563781745e-10	-1.73967482198e-07
6.71413405452e-10	-9.53795940006e-08
6.73263029158e-10	-3.0949694807e-08
6.75112652865e-10	-9.09343711442e-09
6.76962276571e-10	-4.06700770839e-08
6.78811900278e-10	-1.07264176208e-07
6.80661523984e-10	-1.6866447794e-07
6.82511147691e-10	-1.79891440411e-07
6.84360771397e-10	-1.23337350999e-07
6.86210395104e-10	-1.92028155599e-08
6.8806001881e-10	7.72767734247e-08
6.89909642517e-10	1.09423691441e-07
6.91759266223e-10	5.06422104252e-08
6.9360888993e-10	-7.9672993536e-08
6.95458513636e-10	-2.18297270038e-07
6.97308137343e-10	-2.91685338993e-07
6.99157761049e-10	-2.52249165555e-07
7.01007384756e-10	-1.01876187486e-07
7.02857008462e-10	1.05813505513e-07
7.04706632169e-10	2.89547074317e-07
7.06556255875e-10	3.79969620212e-07
7.08405879581e-10	3.50026532203e-07
7.10255503288e-10	2.26762832511e-07
7.12105126994e-10	7.25570821203e-08
7.13954750701e-10	-4.77324082482e-08
7.15804374407e-10	-1.04526414191e-07
7.17653998114e-10	-1.1486522844e-07
7.1950362182e-10	-1.36419295416e-07
7.21353245527e-10	-2.33423808282e-07
7.23202869233e-10	-4.42167973347e-07
7.2505249294e-10	-7.50797369165e-07
7.26902116646e-10	-1.10125753849e-06
7.28751740353e-10	-1.40980395713e-06
7.30601364059e-10	-1.6034972532e-06
7.32450987766e-10	-1.64525772561e-06
7.34300611472e-10	-1.54228584393e-06
7.36150235179e-10	-1.32333258307e-06
7.37999858885e-10	-1.00797680602e-06
7.39849482592e-10	-5.81062565175e-07
7.41699106298e-10	1.20296119732e-08
7.43548730005e-10	8.22122558475e-07
7.45398353711e-10	1.83888064953e-06
7.47247977418e-10	2.94616728524e-06
7.49097601124e-10	3.91416483581e-06
7.50947224831e-10	4.45770149327e-06
7.52796848537e-10	4.33210743722e-06
7.54646472243e-10	3.4326902778e-06
7.5649609595e-10	1.8536377695e-06
7.58345719656e-10	-1.19235481932e-07
7.60195343363e-10	-2.07791447338e-06
7.62044967069e-10	-3.60393738674e-06
7.63894590776e-10	-4.38322285845e-06
7.65744214482e-10	-4.29068677477e-06
7.67593838189e-10	-3.42316116075e-06
7.69443461895e-10	-2.0643144012e-06
7.71293085602e-10	-5.96815837639e-07
7.73142709308e-10	6.16333124981e-07
7.74992333015e-10	1.3392266851e-06
7.76841956721e-10	1.51645525648e-06
7.78691580428e-10	1.26123777022e-06
7.80541204134e-10	7.81079876333e-07
7.82390827841e-10	2.86693108364e-07
7.84240451547e-10	-8.10354432446e-08
7.86090075254e-10	-2.77409739624e-07
7.8793969896e-10	-3.2950614326e-07
7.89789322667e-10	-2.93798350981e-07
7.91638946373e-10	-2.20747431001e-07
7.9348857008e-10	-1.40145111516e-07
7.95338193786e-10	-6.95784549976e-08
7.97187817492e-10	-2.53131209327e-08
7.99037441199e-10	-2.15252993208e-08
8.00887064905e-10	-6.00129475004e-08
8.02736688612e-10	-1.20312057206e-07
8.04586312318e-10	-1.63470897263e-07
8.06435936025e-10	-1.51855871877e-07
8.08285559731e-10	-7.63561178729e-08
8.10135183438e-10	3.21446322893e-08
8.11984807144e-10	1.14976707266e-07
8.13834430851e-10	1.16680006101e-07
8.15684054557e-10	2.06669055203e-08
8.17533678264e-10	-1.35343142915e-07
8.1938330197e-10	-2.75830963403e-07
8.21232925677e-10	-3.21797934077e-07
8.23082549383e-10	-2.32963394353e-07
8.2493217309e-10	-2.97748794509e-08
8.26781796796e-10	2.11567655839e-07
8.28631420503e-10	3.96360036348e-07
8.30481044209e-10	4.51627713005e-07
8.32330667916e-10	3.61595709819e-07
8.34180291622e-10	1.72390080877e-07
8.36029915329e-10	-3.51018742961e-08
8.37879539035e-10	-1.86971963245e-07
8.39729162741e-10	-2.53884294921e-07
8.41578786448e-10	-2.64880583245e-07
8.43428410154e-10	-2.89515085683e-07
8.45278033861e-10	-3.97680622655e-07
8.47127657567e-10	-6.21469439466e-07
8.48977281274e-10	-9.35937464419e-07
8.5082690498e-10	-1.26587480054e-06
8.52676528687e-10	-1.51995450892e-06
8.54526152393e-10	-1.62454387009e-06
8.563757761e-10	-1.54897801963e-06
8.58225399806e-10	-1.30742157012e-06
8.60075023513e-10	-9.37159214232e-07
8.61924647219e-10	-4.66614586969e-07
8.63774270926e-10	1.05431713138e-07
8.65623894632e-10	8.02653900678e-07
8.67473518339e-10	1.63458923907e-06
8.69323142045e-10	2.55302660435e-06
8.71172765752e-10	3.41625712963e-06
8.73022389458e-10	4.00429871661e-06
8.74872013165e-10	4.08380356021e-06
8.76721636871e-10	3.49472793459e-06
8.78571260578e-10	2.23292369128e-06
8.80420884284e-10	4.81597339785e-07
8.82270507991e-10	-1.42494809552e-06
8.84120131697e-10	-3.08596537479e-06
8.85969755403e-10	-4.14857254327e-06
8.8781937911e-10	-4.40102803623e-06
8.89669002816e-10	-3.83274448268e-06
8.91518626523e-10	-2.63276820078e-06
8.93368250229e-10	-1.135119021e-06
8.95217873936e-10	2.78068863935e-07
8.97067497642e-10	1.28751059947e-06
8.98917121349e-10	1.72604956106e-06
9.00766745055e-10	1.61339684723e-06
9.02616368762e-10	1.12549528808e-06
9.04465992468e-10	5.07399164462e-07
9.06315616175e-10	-2.23720153514e-08
9.08165239881e-10	-3.42781127927e-07
9.10014863588e-10	-4.44432565416e-07
9.11864487294e-10	-3.94869061893e-07
9.13714111001e-10	-2.82626530179e-07
9.15563734707e-10	-1.72155424139e-07
9.17413358414e-10	-9.08196540195e-08
9.1926298212e-10	-4.25820729788e-08
9.21112605827e-10	-2.41997071271e-08
9.22962229533e-10	-3.6928043734e-08
9.2481185324e-10	-7.58801004253e-08
9.26661476946e-10	-1.22296135885e-07
9.28511100652e-10	-1.44097896282e-07
9.30360724359e-10	-1.13131138235e-07
9.32210348065e-10	-2.9274692448e-08
9.34059971772e-10	7.18435924085e-08
9.35909595478e-10	1.30322916903e-07
9.37759219185e-10	9.83748105199e-08
9.39608842891e-10	-2.74137605949e-08
9.41458466598e-10	-1.95860533125e-07
9.43308090304e-10	-3.21357518374e-07
9.45157714011e-10	-3.25233713738e-07
9.47007337717e-10	-1.82270028404e-07
9.48856961424e-10	6.61221140064e-08
9.5070658513e-10	3.24570514465e-07
9.52556208837e-10	4.86814840883e-07
9.54405832543e-10	4.86136187305e-07
9.5625545625e-10	3.23227716592e-07
9.58105079956e-10	6.67496919959e-08
9.59954703663e-10	-1.86842996186e-07
9.61804327369e-10	-3.55788380091e-07
9.63653951076e-10	-4.18411303826e-07
9.65503574782e-10	-4.17643619244e-07
9.67353198489e-10	-4.35395783427e-07
9.69202822195e-10	-5.46043239069e-07
9.71052445902e-10	-7.74842504825e-07
9.72902069608e-10	-1.08045145453e-06
9.74751693314e-10	-1.37240317599e-06
9.76601317021e-10	-1.55022769377e-06
9.78450940727e-10	-1.54259262786e-06
9.80300564434e-10	-1.33077858777e-06
9.8215018814e-10	-9.43946233178e-07
9.83999811847e-10	-4.32168491216e-07
9.85849435553e-10	1.60911760361e-07
9.8769905926e-10	8.17580342982e-07
9.89548682966e-10	1.53586501028e-06
9.91398306673e-10	2.29624885151e-06
9.93247930379e-10	3.0242369462e-06
9.95097554086e-10	3.57595195055e-06
9.96947177792e-10	3.76145857217e-06
9.98796801499e-10	3.40874493077e-06
1.00064642521e-09	2.44459147325e-06
1.00249604891e-09	9.5402668876e-07
1.00434567262e-09	-8.17419149257e-07
1.00619529632e-09	-2.51637641213e-06
1.00804492003e-09	-3.77877415758e-06
1.00989454374e-09	-4.33509887898e-06
1.01174416744e-09	-4.0848063918e-06
1.01359379115e-09	-3.12065299113e-06
1.01544341486e-09	-1.7052453245e-06
1.01729303856e-09	-1.95086588661e-07
1.01914266227e-09	1.05349940327e-06
1.02099228598e-09	1.78580791044e-06
1.02284190968e-09	1.91240488334e-06
1.02469153339e-09	1.52640973283e-06
1.0265411571e-09	8.53030869052e-07
1.0283907808e-09	1.58775559811e-07
1.03024040451e-09	-3.47307484105e-07
1.03209002822e-09	-5.75767430178e-07
1.03393965192e-09	-5.59368530162e-07
1.03578927563e-09	-4.05145947013e-07
1.03763889933e-09	-2.27168619915e-07
1.03948852304e-09	-9.76632286154e-08
1.04133814675e-09	-3.37537153783e-08
1.04318777045e-09	-1.89241649018e-08
1.04503739416e-09	-3.01885623166e-08
1.04688701787e-09	-5.54648682538e-08
1.04873664157e-09	-8.74902390535e-08
1.05058626528e-09	-1.1398834765e-07
1.05243588899e-09	-1.14148509311e-07
1.05428551269e-09	-6.98019775314e-08
1.0561351364e-09	1.2023985807e-08
1.05798476011e-09	9.43052747004e-08
1.05983438381e-09	1.22394940405e-07
1.06168400752e-09	5.95575624374e-08
1.06353363123e-09	-8.59958699806e-08
1.06538325493e-09	-2.50918247957e-07
1.06723287864e-09	-3.45183842398e-07
1.06908250234e-09	-2.99369979473e-07
1.07093212605e-09	-1.04131430589e-07
1.07278174976e-09	1.76518572204e-07
1.07463137346e-09	4.29953196601e-07
1.07648099717e-09	5.4708424102e-07
1.07833062088e-09	4.73274312185e-07
1.08018024458e-09	2.30985097716e-07
1.08202986829e-09	-8.82846773465e-08
1.083879492e-09	-3.72631149048e-07
1.0857291157e-09	-5.41307755952e-07
1.08757873941e-09	-5.83243902952e-07
1.08942836312e-09	-5.5810156141e-07
1.09127798682e-09	-5.59613610562e-07
1.09312761053e-09	-6.65327959837e-07
1.09497723424e-09	-8.87946086436e-07
1.09682685794e-09	-1.17043285286e-06
1.09867648165e-09	-1.40611464872e-06
1.10052610536e-09	-1.48812267753e-06
1.10237572906e-09	-1.35239488941e-06
1.10422535277e-09	-9.97064120156e-07
1.10607497647e-09	-4.71758639264e-07
1.10792460018e-09	1.53342110565e-07
1.10977422389e-09	8.18527666979e-07
1.11162384759e-09	1.48996275584e-06
1.1134734713e-09	2.14585759295e-06
1.11532309501e-09	2.749460009e-06
1.11717271871e-09	3.22022935961e-06
1.11902234242e-09	3.42754970006e-06
1.12087196613e-09	3.22362512861e-06
1.12272158983e-09	2.50593177498e-06
1.12457121354e-09	1.28103150132e-06
1.12642083725e-09	-2.97795637039e-07
1.12827046095e-09	-1.94722795754e-06
1.13012008466e-09	-3.3242461086e-06
1.13196970837e-09	-4.12558642893e-06
1.13381933207e-09	-4.17760111304e-06
1.13566895578e-09	-3.48512344317e-06
1.13751857948e-09	-2.23207769068e-06
1.13936820319e-09	-7.28014057927e-07
1.1412178269e-09	6.7459392028e-07
1.1430674506e-09	1.66983522831e-06
1.14491707431e-09	2.0791355837e-06
1.14676669802e-09	1.89606532786e-06
1.14861632172e-09	1.27643423298e-06
1.15046594543e-09	4.8103802186e-07
1.15231556914e-09	-2.22935202743e-07
1.15416519284e-09	-6.50389523571e-07
1.15601481655e-09	-7.53009189225e-07
1.15786444026e-09	-6.07902308047e-07
1.15971406396e-09	-3.57194153366e-07
1.16156368767e-09	-1.3326092585e-07
1.16341331138e-09	-6.09227357451e-09
1.16526293508e-09	2.34460140192e-08
1.16711255879e-09	-3.81928577653e-09
1.16896218249e-09	-4.47415224869e-08
1.1708118062e-09	-7.63135403758e-08
1.17266142991e-09	-9.4444009946e-08
1.17451105361e-09	-9.70403402079e-08
1.17636067732e-09	-7.6955901207e-08
1.17821030103e-09	-2.6975714551e-08
1.18005992473e-09	4.21824282171e-08
1.18190954844e-09	9.76845520029e-08
1.18375917215e-09	9.39655944165e-08
1.18560879585e-09	6.03607697158e-09
1.18745841956e-09	-1.45032053922e-07
1.18930804327e-09	-2.90339990272e-07
1.19115766697e-09	-3.42640674944e-07
1.19300729068e-09	-2.44076744593e-07
1.19485691439e-09	-5.57399926215e-09
1.19670653809e-09	2.88088216394e-07
1.1985561618e-09	5.13642220312e-07
1.2004057855e-09	5.65595811963e-07
1.20225540921e-09	4.06416781118e-07
1.20410503292e-09	8.57124735631e-08
1.20595465662e-09	-2.83567921144e-07
1.20780428033e-09	-5.79514576771e-07
1.20965390404e-09	-7.27204707118e-07
1.21150352774e-09	-7.31533575049e-07
1.21335315145e-09	-6.70767533961e-07
1.21520277516e-09	-6.49545597753e-07
1.21705239886e-09	-7.41970382023e-07
1.21890202257e-09	-9.49375163373e-07
1.22075164628e-09	-1.19441176594e-06
1.22260126998e-09	-1.35734921969e-06
1.22445089369e-09	-1.32897056915e-06
1.2263005174e-09	-1.05833544239e-06
1.2281501411e-09	-5.64633353406e-07
1.22999976481e-09	7.61366383273e-08
1.23184938852e-09	7.7222792072e-07
1.23369901222e-09	1.44883259168e-06
1.23554863593e-09	2.06024247973e-06
1.23739825963e-09	2.5772525305e-06
1.23924788334e-09	2.95930874472e-06
1.24109750705e-09	3.13384208539e-06
1.24294713075e-09	2.99728793607e-06
1.24479675446e-09	2.4534883778e-06
1.24664637817e-09	1.46437670878e-06
1.24849600187e-09	1.04703829606e-07
1.25034562558e-09	-1.42464614328e-06
1.25219524929e-09	-2.83090787434e-06
1.25404487299e-09	-3.80759320251e-06
1.2558944967e-09	-4.12695953855e-06
1.25774412041e-09	-3.71486265749e-06
1.25959374411e-09	-2.67358734618e-06
1.26144336782e-09	-1.25379915517e-06
1.26329299153e-09	2.14099635798e-07
1.26514261523e-09	1.40587738429e-06
1.26699223894e-09	2.08442253324e-06
1.26884186264e-09	2.15688766048e-06
1.27069148635e-09	1.69264626493e-06
1.27254111006e-09	8.99115306652e-07
1.27439073376e-09	5.29921244663e-08
1.27624035747e-09	-5.94992471292e-07
1.27808998118e-09	-8.98260196891e-07
1.27993960488e-09	-8.54870847888e-07
1.28178922859e-09	-5.84088226674e-07
1.2836388523e-09	-2.5555175398e-07
1.285488476e-09	-1.07334279242e-08
1.28733809971e-09	9.12776734197e-08
1.28918772342e-09	7.22505344442e-08
1.29103734712e-09	-1.67538505291e-09
1.29288697083e-09	-6.83443257543e-08
1.29473659454e-09	-9.94437812096e-08
1.29658621824e-09	-9.63042907642e-08
1.29843584195e-09	-7.28489766288e-08
1.30028546565e-09	-3.63662442382e-08
1.30213508936e-09	1.07715525388e-08
1.30398471307e-09	5.89211559543e-08
1.30583433677e-09	8.21974897036e-08
1.30768396048e-09	4.8906933614e-08
1.30953358419e-09	-5.34411892517e-08
1.31138320789e-09	-1.95636175704e-07
1.3132328316e-09	-3.08016531392e-07
1.31508245531e-09	-3.11054556335e-07
1.31693207901e-09	-1.64124468682e-07
1.31878170272e-09	1.02115544465e-07
1.32063132643e-09	3.87105373534e-07
1.32248095013e-09	5.62559662853e-07
1.32433057384e-09	5.32867659331e-07
1.32618019755e-09	2.84668324468e-07
1.32802982125e-09	-1.05856441834e-07
1.32987944496e-09	-5.06558095026e-07
1.33172906866e-09	-7.9093663885e-07
1.33357869237e-09	-8.95631529829e-07
1.33542831608e-09	-8.47386189662e-07
1.33727793978e-09	-7.42187950209e-07
1.33912756349e-09	-6.92785533829e-07
1.3409771872e-09	-7.67553999026e-07
1.3428268109e-09	-9.50346830564e-07
1.34467643461e-09	-1.14560492648e-06
1.34652605832e-09	-1.22336743402e-06
1.34837568202e-09	-1.07742096134e-06
1.35022530573e-09	-6.73981986665e-07
1.35207492944e-09	-6.12421757751e-08
1.35392455314e-09	6.58894975913e-07
1.35577417685e-09	1.37286892254e-06
1.35762380056e-09	1.99514704491e-06
1.35947342426e-09	2.47649052199e-06
1.36132304797e-09	2.79236905953e-06
1.36317267168e-09	2.91168333888e-06
1.36502229538e-09	2.78194534076e-06
1.36687191909e-09	2.33621562984e-06
1.36872154279e-09	1.52790204311e-06
1.3705711665e-09	3.78564891435e-07
1.37242079021e-09	-9.87633541172e-07
1.37427041391e-09	-2.34601844795e-06
1.37612003762e-09	-3.41868468468e-06
1.37796966133e-09	-3.9537868588e-06
1.37981928503e-09	-3.81110345415e-06
1.38166890874e-09	-3.01022083704e-06
1.38351853245e-09	-1.73290433736e-06
1.38536815615e-09	-2.73052801703e-07
1.38721777986e-09	1.04437108916e-06
1.38906740357e-09	1.94691858724e-06
1.39091702727e-09	2.27685626442e-06
1.39276665098e-09	2.02670543104e-06
1.39461627469e-09	1.33379793965e-06
1.39646589839e-09	4.39416382392e-07
1.3983155221e-09	-3.84630880035e-07
1.4001651458e-09	-9.19046456715e-07
1.40201476951e-09	-1.06539741296e-06
1.40386439322e-09	-8.70707225431e-07
1.40571401692e-09	-4.90303854406e-07
1.40756364063e-09	-1.11365739741e-07
1.40941326434e-09	1.2658987103e-07
1.41126288804e-09	1.82324701115e-07
1.41311251175e-09	1.04515757826e-07
1.41496213546e-09	-1.5693290889e-08
1.41681175916e-09	-1.01355462689e-07
1.41866138287e-09	-1.23130586616e-07
1.42051100658e-09	-9.34812014464e-08
1.42236063028e-09	-4.36014886418e-08
1.42421025399e-09	3.99357968917e-09
1.4260598777e-09	4.05706828133e-08
1.4279095014e-09	6.02559406815e-08
1.42975912511e-09	5.0393845541e-08
1.43160874881e-09	-6.74173261661e-09
1.43345837252e-09	-1.11461519126e-07
1.43530799623e-09	-2.30823385294e-07
1.43715761993e-09	-2.99760692712e-07
1.43900724364e-09	-2.53146730245e-07
1.44085686735e-09	-6.80671234932e-08
1.44270649105e-09	2.06504871869e-07
1.44455611476e-09	4.59517330853e-07
1.44640573847e-09	5.65173692735e-07
1.44825536217e-09	4.45248446113e-07
1.45010498588e-09	1.11754951959e-07
1.45195460959e-09	-3.32744725995e-07
1.45380423329e-09	-7.40519496389e-07
1.455653857e-09	-9.88131688473e-07
1.45750348071e-09	-1.03006806285e-06
1.45935310441e-09	-9.16151165598e-07
1.46120272812e-09	-7.60947614253e-07
1.46305235182e-09	-6.81967037508e-07
1.46490197553e-09	-7.35677659236e-07
1.46675159924e-09	-8.87160254592e-07
1.46860122294e-09	-1.02385496348e-06
1.47045084665e-09	-1.00861615238e-06
1.47230047036e-09	-7.45229485233e-07
1.47415009406e-09	-2.23856247317e-07
1.47599971777e-09	4.78259543968e-07
1.47784934148e-09	1.2310058537e-06
1.47969896518e-09	1.90390821331e-06
1.48154858889e-09	2.40752490299e-06
1.4833982126e-09	2.70060343155e-06
1.4852478363e-09	2.77278610383e-06
1.48709746001e-09	2.61535080881e-06
1.48894708372e-09	2.20430905529e-06
1.49079670742e-09	1.51095025558e-06
1.49264633113e-09	5.33929295443e-07
1.49449595484e-09	-6.58908177797e-07
1.49634557854e-09	-1.91363619706e-06
1.49819520225e-09	-3.00391758401e-06
1.50004482595e-09	-3.68684573004e-06
1.50189444966e-09	-3.78049281835e-06
1.50374407337e-09	-3.23048033124e-06
1.50559369707e-09	-2.14067870274e-06
1.50744332078e-09	-7.51209654481e-07
1.50929294449e-09	6.28215886422e-07
1.51114256819e-09	1.70276595668e-06
1.5129921919e-09	2.26580436902e-06
1.51484181561e-09	2.24606009169e-06
1.51669143931e-09	1.7154891907e-06
1.51854106302e-09	8.63461238509e-07
1.52039068673e-09	-5.43925691154e-08
1.52224031043e-09	-7.87281692283e-07
1.52408993414e-09	-1.1627962806e-06
1.52593955785e-09	-1.13639239885e-06
1.52778918155e-09	-7.99963714826e-07
1.52963880526e-09	-3.36326678507e-07
1.53148842896e-09	5.97360365617e-08
1.53333805267e-09	2.62615820645e-07
1.53518767638e-09	2.55410121497e-07
1.53703730008e-09	1.140696817e-07
1.53888692379e-09	-4.76259742754e-08
1.5407365475e-09	-1.42729810193e-07
1.5425861712e-09	-1.45984866862e-07
1.54443579491e-09	-8.57390993758e-08
1.54628541862e-09	-1.12367306571e-08
1.54813504232e-09	4.1224719638e-08
1.54998466603e-09	6.00756848712e-08
1.55183428974e-09	4.73601762252e-08
1.55368391344e-09	5.76412029218e-09
1.55553353715e-09	-6.64820252183e-08
1.55738316086e-09	-1.61164415147e-07
1.55923278456e-09	-2.45582491232e-07
1.56108240827e-09	-2.66208814992e-07
1.56293203197e-09	-1.74376133089e-07
1.56478165568e-09	3.30370726331e-08
1.56663127939e-09	2.9373406818e-07
1.56848090309e-09	4.93038584182e-07
1.5703305268e-09	5.15059042527e-07
1.57218015051e-09	3.02936115304e-07
1.57402977421e-09	-1.03327549184e-07
1.57587939792e-09	-5.78450794819e-07
1.57772902163e-09	-9.66667272451e-07
1.57957864533e-09	-1.1527955337e-06
1.58142826904e-09	-1.11407584313e-06
1.58327789275e-09	-9.26352328179e-07
1.58512751645e-09	-7.20380739949e-07
1.58697714016e-09	-6.12481912299e-07
1.58882676387e-09	-6.45016598355e-07
1.59067638757e-09	-7.61727861232e-07
1.59252601128e-09	-8.34177924958e-07
1.59437563498e-09	-7.24607886582e-07
1.59622525869e-09	-3.5328741177e-07
1.5980748824e-09	2.62430276621e-07
1.5999245061e-09	1.01381110085e-06
1.60177412981e-09	1.74608572934e-06
1.60362375352e-09	2.31925912431e-06
1.60547337722e-09	2.64856163312e-06
1.60732300093e-09	2.71059764145e-06
1.60917262464e-09	2.5213893764e-06
1.61102224834e-09	2.10108481724e-06
1.61287187205e-09	1.45803190321e-06
1.61472149576e-09	5.99134551749e-07
1.61657111946e-09	-4.40526186196e-07
1.61842074317e-09	-1.56531814355e-06
1.62027036688e-09	-2.60973581589e-06
1.62211999058e-09	-3.36585253535e-06
1.62396961429e-09	-3.64137883935e-06
1.625819238e-09	-3.32891136168e-06
1.6276688617e-09	-2.455385129e-06
1.62951848541e-09	-1.19206151794e-06
1.63136810911e-09	1.87291405496e-07
1.63321773282e-09	1.38221540169e-06
1.63506735653e-09	2.14674196286e-06
1.63691698023e-09	2.35272682403e-06
1.63876660394e-09	2.01190357529e-06
1.64061622765e-09	1.26357790009e-06
1.64246585135e-09	3.31899137507e-07
1.64431547506e-09	-5.32176073875e-07
1.64616509877e-09	-1.11696215299e-06
1.64801472247e-09	-1.30456879788e-06
1.64986434618e-09	-1.10533466113e-06
1.65171396989e-09	-6.50624244258e-07
1.65356359359e-09	-1.39514595432e-07
1.6554132173e-09	2.39616220199e-07
1.65726284101e-09	3.8210009734e-07
1.65911246471e-09	2.99984321828e-07
1.66096208842e-09	9.68840740967e-08
1.66281171212e-09	-9.64055821839e-08
1.66466133583e-09	-1.89721827581e-07
1.66651095954e-09	-1.66268236512e-07
1.66836058324e-09	-7.27938278544e-08
1.67021020695e-09	2.27690835075e-08
1.67205983066e-09	7.33522682594e-08
1.67390945436e-09	6.84661856099e-08
1.67575907807e-09	2.19324141071e-08
1.67760870178e-09	-4.66699106028e-08
1.67945832548e-09	-1.24341049457e-07
1.68130794919e-09	-1.9704781451e-07
1.6831575729e-09	-2.38333857538e-07
1.6850071966e-09	-2.10214832208e-07
1.68685682031e-09	-8.39096010452e-08
1.68870644402e-09	1.26975013615e-07
1.69055606772e-09	3.51360888828e-07
1.69240569143e-09	4.78921450053e-07
1.69425531513e-09	4.09628604814e-07
1.69610493884e-09	1.12869539493e-07
1.69795456255e-09	-3.46297554188e-07
1.69980418625e-09	-8.24596284588e-07
1.70165380996e-09	-1.16457152899e-06
1.70350343367e-09	-1.26687461943e-06
1.70535305737e-09	-1.13538720825e-06
1.70720268108e-09	-8.70852232993e-07
1.70905230479e-09	-6.16898617523e-07
1.71090192849e-09	-4.85457761101e-07
1.7127515522e-09	-4.99273383525e-07
1.71460117591e-09	-5.80195788302e-07
1.71645079961e-09	-5.88055499406e-07
1.71830042332e-09	-3.89792681688e-07
1.72015004703e-09	7.2795005579e-08
1.72199967073e-09	7.50408858607e-07
1.72384929444e-09	1.50436216018e-06
1.72569891814e-09	2.16225754457e-06
1.72754854185e-09	2.58216277871e-06
1.72939816556e-09	2.69452675639e-06
1.73124778926e-09	2.50468212926e-06
1.73309741297e-09	2.06080278531e-06
1.73494703668e-09	1.41687789323e-06
1.73679666038e-09	6.12856908333e-07
1.73864628409e-09	-3.17021083163e-07
1.7404959078e-09	-1.31504287992e-06
1.7423455315e-09	-2.2735569587e-06
1.74419515521e-09	-3.03550103808e-06
1.74604477892e-09	-3.42675883758e-06
1.74789440262e-09	-3.31310985757e-06
1.74974402633e-09	-2.66070355792e-06
1.75159365004e-09	-1.56689478104e-06
1.75344327374e-09	-2.49448930845e-07
1.75529289745e-09	1.00859358554e-06
1.75714252116e-09	1.93779595747e-06
1.75899214486e-09	2.35697507378e-06
1.76084176857e-09	2.21840150516e-06
1.76269139227e-09	1.60982685316e-06
1.76454101598e-09	7.21507291246e-07
1.76639063969e-09	-2.07276325881e-07
1.76824026339e-09	-9.50036337599e-07
1.7700898871e-09	-1.34421401299e-06
1.77193951081e-09	-1.33287838366e-06
1.77378913451e-09	-9.7768824503e-07
1.77563875822e-09	-4.38953215109e-07
1.77748838193e-09	8.03461581711e-08
1.77933800563e-09	4.08455115064e-07
1.78118762934e-09	4.70736068792e-07
1.78303725305e-09	3.09772573814e-07
1.78488687675e-09	5.2063496625e-08
1.78673650046e-09	-1.59763413166e-07
1.78858612417e-09	-2.38184473034e-07
1.79043574787e-09	-1.81178041458e-07
1.79228537158e-09	-5.47760983238e-08
1.79413499528e-09	5.70722313853e-08
1.79598461899e-09	9.94319808711e-08
1.7978342427e-09	6.60851231515e-08
1.7996838664e-09	-1.32503203965e-08
1.80153349011e-09	-1.01948170794e-07
1.80338311382e-09	-1.74624656069e-07
1.80523273752e-09	-2.16060453084e-07
1.80708236123e-09	-2.10117796939e-07
1.80893198494e-09	-1.38317872711e-07
1.81078160864e-09	8.05053557151e-09
1.81263123235e-09	2.01382185594e-07
1.81448085606e-09	3.69350019014e-07
1.81633047976e-09	4.12380636305e-07
1.81818010347e-09	2.52774164267e-07
1.82002972718e-09	-1.13748180652e-07
1.82187935088e-09	-5.99235619347e-07
1.82372897459e-09	-1.0500586427e-06
1.82557859829e-09	-1.31492538458e-06
1.827428222e-09	-1.31591141894e-06
1.82927784571e-09	-1.08494609208e-06
1.83112746941e-09	-7.46938042084e-07
1.83297709312e-09	-4.53375768927e-07
1.83482671683e-09	-3.06164345432e-07
1.83667634053e-09	-3.06414847273e-07
1.83852596424e-09	-3.54703239225e-07
1.84037558795e-09	-3.02029164345e-07
1.84222521165e-09	-2.65058568427e-08
1.84407483536e-09	5.02766383192e-07
1.84592445907e-09	1.20404885706e-06
1.84777408277e-09	1.9124702817e-06
1.84962370648e-09	2.44464644084e-06
1.85147333019e-09	2.66809934146e-06
1.85332295389e-09	2.53951748164e-06
1.8551725776e-09	2.09856273159e-06
1.8570222013e-09	1.43128949048e-06
1.85887182501e-09	6.24790601478e-07
1.86072144872e-09	-2.55908723545e-07
1.86257107242e-09	-1.15976394e-06
1.86442069613e-09	-2.02079161227e-06
1.86627031984e-09	-2.7379209655e-06
1.86811994354e-09	-3.17664245131e-06
1.86996956725e-09	-3.2064481843e-06
1.87181919096e-09	-2.75400788041e-06
1.87366881466e-09	-1.85131835906e-06
1.87551843837e-09	-6.49107462891e-07
1.87736806208e-09	6.09578009403e-07
1.87921768578e-09	1.65425899468e-06
1.88106730949e-09	2.26553157745e-06
1.8829169332e-09	2.33486298384e-06
1.8847665569e-09	1.89226864222e-06
1.88661618061e-09	1.0879730894e-06
1.88846580432e-09	1.44639281885e-07
1.89031542802e-09	-7.04520331851e-07
1.89216505173e-09	-1.27100105374e-06
1.89401467543e-09	-1.45141058283e-06
1.89586429914e-09	-1.2484968579e-06
1.89771392285e-09	-7.67634432464e-07
1.89956354655e-09	-1.86514515832e-07
1.90141317026e-09	2.9988542849e-07
1.90326279397e-09	5.48517974153e-07
1.90511241767e-09	5.18136189953e-07
1.90696204138e-09	2.80901083727e-07
1.90881166509e-09	-1.78490546787e-08
1.91066128879e-09	-2.32195318972e-07
1.9125109125e-09	-2.83959927572e-07
1.91436053621e-09	-1.88284296598e-07
1.91621015991e-09	-3.06448200149e-08
1.91805978362e-09	9.05724970579e-08
1.91990940733e-09	1.18221677781e-07
1.92175903103e-09	5.45846248201e-08
1.92360865474e-09	-5.45968390497e-08
1.92545827844e-09	-1.55817279079e-07
1.92730790215e-09	-2.13757839873e-07
1.92915752586e-09	-2.17016701498e-07
1.93100714956e-09	-1.64836436056e-07
1.93285677327e-09	-5.8904761957e-08
1.93470639698e-09	9.01797125863e-08
1.93655602068e-09	2.45929285825e-07
1.93840564439e-09	3.40949107169e-07
1.9402552681e-09	2.93978082766e-07
1.9421048918e-09	5.31333359532e-08
1.94395451551e-09	-3.60510071573e-07
1.94580413922e-09	-8.41835969823e-07
1.94765376292e-09	-1.23430021404e-06
1.94950338663e-09	-1.40075292165e-06
1.95135301034e-09	-1.2889579466e-06
1.95320263404e-09	-9.59776542686e-07
1.95505225775e-09	-5.57581003591e-07
1.95690188145e-09	-2.36923483499e-07
1.95875150516e-09	-8.51333723517e-08
1.96060112887e-09	-7.95196246628e-08
1.96245075257e-09	-1.00613208431e-07
1.96430037628e-09	3.56628193643e-09
1.96614999999e-09	3.38867501171e-07
1.96799962369e-09	9.05805521256e-07
1.9698492474e-09	1.58991790045e-06
1.97169887111e-09	2.20567073939e-06
1.97354849481e-09	2.56930570686e-06
1.97539811852e-09	2.56820948152e-06
1.97724774223e-09	2.19321793793e-06
1.97909736593e-09	1.52521417363e-06
1.98094698964e-09	6.87121243459e-07
1.98279661335e-09	-2.06377901435e-07
1.98464623705e-09	-1.07402465233e-06
1.98649586076e-09	-1.86034495187e-06
1.98834548446e-09	-2.50827372383e-06
1.99019510817e-09	-2.93592967182e-06
1.99204473188e-09	-3.04325271827e-06
1.99389435558e-09	-2.74751579354e-06
1.99574397929e-09	-2.03208895755e-06
1.997593603e-09	-9.81348435403e-07
1.9994432267e-09	2.1813793083e-07
2.00129285041e-09	1.32002816144e-06
2.00314247412e-09	2.08607468721e-06
2.00499209782e-09	2.35775434021e-06
2.00684172153e-09	2.10194428973e-06
2.00869134524e-09	1.4181854624e-06
2.01054096894e-09	5.01825340393e-07
2.01239059265e-09	-4.13044418224e-07
2.01424021636e-09	-1.11628995114e-06
2.01608984006e-09	-1.47019966334e-06
2.01793946377e-09	-1.43306564837e-06
2.01978908748e-09	-1.06256553067e-06
2.02163871118e-09	-4.9706556382e-07
2.02348833489e-09	8.08440727695e-08
2.02533795859e-09	4.97548541034e-07
2.0271875823e-09	6.44704783781e-07
2.02903720601e-09	5.17515275078e-07
2.03088682971e-09	2.14568938617e-07
2.03273645342e-09	-1.07503172586e-07
2.03458607713e-09	-3.07585210635e-07
2.03643570083e-09	-3.21550182036e-07
2.03828532454e-09	-1.85072661196e-07
2.04013494825e-09	-1.10273856713e-09
2.04198457195e-09	1.22654956414e-07
2.04383419566e-09	1.29990855413e-07
2.04568381937e-09	3.49979498715e-08
2.04753344307e-09	-9.89647830352e-08
2.04938306678e-09	-2.03913604224e-07
2.05123269049e-09	-2.39877842034e-07
2.05308231419e-09	-2.02065830734e-07
2.0549319379e-09	-1.08026320333e-07
2.0567815616e-09	1.8656741041e-08
2.05863118531e-09	1.517245245e-07
2.06048080902e-09	2.52502921683e-07
2.06233043272e-09	2.64368892999e-07
2.06418005643e-09	1.29567268914e-07
2.06602968014e-09	-1.75787590706e-07
2.06787930384e-09	-6.08330026353e-07
2.06972892755e-09	-1.0526666756e-06
2.07157855126e-09	-1.35856336669e-06
2.07342817496e-09	-1.40912047186e-06
2.07527779867e-09	-1.18102295232e-06
2.07712742238e-09	-7.62119526598e-07
2.07897704608e-09	-3.11344990678e-07
2.08082666979e-09	2.00212206813e-08
2.0826762935e-09	1.63168298428e-07
2.0845259172e-09	1.65450479983e-07
2.08637554091e-09	1.62815325666e-07
2.08822516461e-09	3.06155385488e-07
2.09007478832e-09	6.79945870274e-07
2.09192441203e-09	1.25213554725e-06
2.09377403573e-09	1.87879697933e-06
2.09562365944e-09	2.36127129938e-06
2.09747328315e-09	2.52494584174e-06
2.09932290685e-09	2.28774229072e-06
2.10117253056e-09	1.68232230635e-06
2.10302215427e-09	8.31091441e-07
2.10487177797e-09	-1.0968173747e-07
2.10672140168e-09	-1.00625078403e-06
2.10857102539e-09	-1.77366308662e-06
2.11042064909e-09	-2.36664277509e-06
2.1122702728e-09	-2.74862640026e-06
2.11411989651e-09	-2.86923705062e-06
2.11596952021e-09	-2.66858450004e-06
2.11781914392e-09	-2.10983267834e-06
2.11966876763e-09	-1.22319195839e-06
2.12151839133e-09	-1.30924405539e-07
2.12336801504e-09	9.65731558722e-07
2.12521763874e-09	1.83565759926e-06
2.12706726245e-09	2.2867072289e-06
2.12891688616e-09	2.22756943913e-06
2.13076650986e-09	1.69702104813e-06
2.13261613357e-09	8.49541621051e-07
2.13446575728e-09	-9.21357887762e-08
2.13631538098e-09	-9.0225451288e-07
2.13816500469e-09	-1.41012654353e-06
2.1400146284e-09	-1.53529407498e-06
2.1418642521e-09	-1.29585609443e-06
2.14371387581e-09	-7.95564446321e-07
2.14556349952e-09	-1.93213701039e-07
2.14741312322e-09	3.37470787315e-07
2.14926274693e-09	6.53427832731e-07
2.15111237064e-09	6.86551999252e-07
2.15296199434e-09	4.6743063109e-07
2.15481161805e-09	1.15724452243e-07
2.15666124175e-09	-2.09511298976e-07
2.15851086546e-09	-3.78096999043e-07
2.16036048917e-09	-3.4635328916e-07
2.16221011287e-09	-1.69846174458e-07
2.16405973658e-09	3.38166006308e-08
2.16590936029e-09	1.52229830519e-07
2.16775898399e-09	1.34401389573e-07
2.1696086077e-09	9.48905798381e-09
2.17145823141e-09	-1.43499391925e-07
2.17330785511e-09	-2.4455619041e-07
2.17515747882e-09	-2.52482749374e-07
2.17700710253e-09	-1.7446997802e-07
2.17885672623e-09	-4.77149075806e-08
2.18070634994e-09	8.47429539874e-08
2.18255597365e-09	1.84856549623e-07
2.18440559735e-09	2.16570391842e-07
2.18625522106e-09	1.42014119575e-07
2.18810484476e-09	-6.98254787324e-08
2.18995446847e-09	-4.16454227548e-07
2.19180409218e-09	-8.36477241251e-07
2.19365371588e-09	-1.2119542987e-06
2.19550333959e-09	-1.407454846e-06
2.1973529633e-09	-1.33249585588e-06
2.199202587e-09	-9.93193253862e-07
2.20105221071e-09	-5.00505166201e-07
2.20290183442e-09	-2.16996389746e-08
2.20475145812e-09	3.00933827191e-07
2.20660108183e-09	4.21110833315e-07
2.20845070554e-09	4.09769761234e-07
2.21030032924e-09	4.15555739153e-07
2.21214995295e-09	5.82745158795e-07
2.21399957666e-09	9.71239643377e-07
2.21584920036e-09	1.51641975776e-06
2.21769882407e-09	2.04932064207e-06
2.21954844777e-09	2.36662674524e-06
2.22139807148e-09	2.31382477978e-06
2.22324769519e-09	1.84749879395e-06
2.22509731889e-09	1.045917287e-06
2.2269469426e-09	7.18030856994e-08
2.22879656631e-09	-8.93469533025e-07
2.23064619001e-09	-1.7094946827e-06
2.23249581372e-09	-2.30073788998e-06
2.23434543743e-09	-2.64444332743e-06
2.23619506113e-09	-2.73615705737e-06
2.23804468484e-09	-2.56262154608e-06
2.23989430855e-09	-2.10396092371e-06
2.24174393225e-09	-1.36364801051e-06
2.24359355596e-09	-4.05759422506e-07
2.24544317967e-09	6.28450791851e-07
2.24729280337e-09	1.54078750825e-06
2.24914242708e-09	2.13026845586e-06
2.25099205079e-09	2.26038645224e-06
2.25284167449e-09	1.90692762203e-06
2.2546912982e-09	1.17002144862e-06
2.2565409219e-09	2.44348964173e-07
2.25839054561e-09	-6.4021197943e-07
2.26024016932e-09	-1.28403772237e-06
2.26208979302e-09	-1.56642130378e-06
2.26393941673e-09	-1.46672394408e-06
2.26578904044e-09	-1.05734281419e-06
2.26763866414e-09	-4.75003353984e-07
2.26948828785e-09	1.14952985797e-07
2.27133791156e-09	5.5898360074e-07
2.27318753526e-09	7.52435269646e-07
2.27503715897e-09	6.69117454777e-07
2.27688678268e-09	3.71521657883e-07
2.27873640638e-09	-7.65687513393e-09
2.28058603009e-09	-3.14007522206e-07
2.2824356538e-09	-4.36601865772e-07
2.2842852775e-09	-3.54161741711e-07
2.28613490121e-09	-1.41670536635e-07
2.28798452491e-09	7.30349860589e-08
2.28983414862e-09	1.77712443872e-07
2.29168377233e-09	1.31826194405e-07
2.29353339603e-09	-2.07757118176e-08
2.29538301974e-09	-1.86103484623e-07
2.29723264345e-09	-2.76306607816e-07
2.29908226715e-09	-2.53633459124e-07
2.30093189086e-09	-1.39663612231e-07
2.30278151457e-09	8.79346195859e-09
2.30463113827e-09	1.31054481045e-07
2.30648076198e-09	1.83183569646e-07
2.30833038569e-09	1.38693962981e-07
2.31018000939e-09	-1.82352486444e-08
2.3120296331e-09	-2.89942867937e-07
2.31387925681e-09	-6.49117552598e-07
2.31572888051e-09	-1.02388250411e-06
2.31757850422e-09	-1.30273741661e-06
2.31942812792e-09	-1.37129330824e-06
2.32127775163e-09	-1.16951304108e-06
2.32312737534e-09	-7.32706652684e-07
2.32497699904e-09	-1.89156523334e-07
2.32682662275e-09	2.93160468345e-07
2.32867624646e-09	5.86678098102e-07
2.33052587016e-09	6.69319391022e-07
2.33237549387e-09	6.34009438727e-07
2.33422511758e-09	6.37412071569e-07
2.33607474128e-09	8.12191899513e-07
2.33792436499e-09	1.19124882758e-06
2.3397739887e-09	1.67926296513e-06
2.3416236124e-09	2.0890676069e-06
2.34347323611e-09	2.22144524287e-06
2.34532285982e-09	1.95133787884e-06
2.34717248352e-09	1.28036197111e-06
2.34902210723e-09	3.33399924557e-07
2.35087173093e-09	-6.92556326953e-07
2.35272135464e-09	-1.6019842235e-06
2.35457097835e-09	-2.2609464736e-06
2.35642060205e-09	-2.6171569516e-06
2.35827022576e-09	-2.68150733973e-06
2.36011984947e-09	-2.48714985673e-06
2.36196947317e-09	-2.05935697295e-06
2.36381909688e-09	-1.41412732546e-06
2.36566872059e-09	-5.84117543667e-07
2.36751834429e-09	3.48079289836e-07
2.369367968e-09	1.23873229541e-06
2.37121759171e-09	1.90903162434e-06
2.37306721541e-09	2.19954307568e-06
2.37491683912e-09	2.03115149588e-06
2.37676646283e-09	1.441025546e-06
2.37861608653e-09	5.78339196977e-07
2.38046571024e-09	-3.40663255827e-07
2.38231533395e-09	-1.0973320741e-06
2.38416495765e-09	-1.53139080794e-06
2.38601458136e-09	-1.57910145049e-06
2.38786420506e-09	-1.27788663917e-06
2.38971382877e-09	-7.4326568722e-07
2.39156345248e-09	-1.31875639298e-07
2.39341307618e-09	3.98587815198e-07
2.39526269989e-09	7.25154933434e-07
2.3971123236e-09	7.85499025824e-07
2.3989619473e-09	5.93372220692e-07
2.40081157101e-09	2.37449825136e-07
2.40266119472e-09	-1.44199493235e-07
2.40451081842e-09	-4.11187954796e-07
2.40636044213e-09	-4.76219852885e-07
2.40821006584e-09	-3.42226478267e-07
2.41005968954e-09	-1.00946722981e-07
2.41190931325e-09	1.14490539715e-07
2.41375893696e-09	1.9804186735e-07
2.41560856066e-09	1.21780910689e-07
2.41745818437e-09	-5.46258469569e-08
2.41930780807e-09	-2.25545100818e-07
2.42115743178e-09	-2.99632084477e-07
2.42300705549e-09	-2.46400773563e-07
2.42485667919e-09	-1.03361616155e-07
2.4267063029e-09	5.38578674991e-08
2.42855592661e-09	1.51304998752e-07
2.43040555031e-09	1.45084264602e-07
2.43225517402e-09	2.30491083997e-08
2.43410479773e-09	-2.04721580133e-07
2.43595442143e-09	-5.1249014632e-07
2.43780404514e-09	-8.53612519336e-07
2.43965366885e-09	-1.15259061317e-06
2.44150329255e-09	-1.31193891661e-06
2.44335291626e-09	-1.24602834717e-06
2.44520253997e-09	-9.26292145209e-07
2.44705216367e-09	-4.1316472732e-07
2.44890178738e-09	1.53515390622e-07
2.45075141108e-09	6.12073236539e-07
2.45260103479e-09	8.56108599123e-07
2.4544506585e-09	8.88262746912e-07
2.4563002822e-09	8.19808505526e-07
2.45814990591e-09	8.10178335087e-07
2.45999952962e-09	9.76747060122e-07
2.46184915332e-09	1.32384974449e-06
2.46369877703e-09	1.72957672362e-06
2.46554840074e-09	1.99569319648e-06
2.46739802444e-09	1.93690101469e-06
2.46924764815e-09	1.46475039742e-06
2.47109727186e-09	6.29232374649e-07
2.47294689556e-09	-4.00880878715e-07
2.47479651927e-09	-1.40288426564e-06
2.47664614298e-09	-2.18044419853e-06
2.47849576668e-09	-2.6200409593e-06
2.48034539039e-09	-2.70480973086e-06
2.48219501409e-09	-2.48619352305e-06
2.4840446378e-09	-2.03728762926e-06
2.48589426151e-09	-1.41774137319e-06
2.48774388521e-09	-6.70035404937e-07
2.48959350892e-09	1.56703176657e-07
2.49144313263e-09	9.76599437763e-07
2.49329275633e-09	1.65968083365e-06
2.49514238004e-09	2.05790104246e-06
2.49699200375e-09	2.05876301607e-06
2.49884162745e-09	1.63841770018e-06
2.50069125116e-09	8.85041799847e-07
2.50254087487e-09	-1.98328922174e-08
2.50439049857e-09	-8.55381188103e-07
2.50624012228e-09	-1.42929380331e-06
2.50808974599e-09	-1.63136544984e-06
2.50993936969e-09	-1.45619202385e-06
2.5117889934e-09	-9.91834951947e-07
2.51363861711e-09	-3.85288430493e-07
2.51548824081e-09	2.01797437427e-07
2.51733786452e-09	6.32662960243e-07
2.51918748822e-09	8.21705953058e-07
2.52103711193e-09	7.49588252802e-07
2.52288673564e-09	4.66000336985e-07
2.52473635934e-09	7.7289035616e-08
2.52658598305e-09	-2.81835248472e-07
2.52843560676e-09	-4.91343286058e-07
2.53028523046e-09	-4.91507535116e-07
2.53213485417e-09	-3.09616275729e-07
2.53398447788e-09	-4.96296816976e-08
2.53583410158e-09	1.55906064947e-07
2.53768372529e-09	2.11071018441e-07
2.539533349e-09	1.04072228169e-07
2.5413829727e-09	-9.14677098507e-08
2.54323259641e-09	-2.61550574976e-07
2.54508222012e-09	-3.15967952247e-07
2.54693184382e-09	-2.34576340574e-07
2.54878146753e-09	-7.15520300787e-08
2.55063109123e-09	8.14302865138e-08
2.55248071494e-09	1.42326872066e-07
2.55433033865e-09	7.23061663876e-08
2.55617996235e-09	-1.21632039551e-07
2.55802958606e-09	-4.02227861684e-07
2.55987920977e-09	-7.1856747752e-07
2.56172883347e-09	-1.01078552461e-06
2.56357845718e-09	-1.20744317655e-06
2.56542808089e-09	-1.2333990469e-06
2.56727770459e-09	-1.03472041246e-06
2.5691273283e-09	-6.14424664036e-07
2.57097695201e-09	-5.37034527959e-08
2.57282657571e-09	5.04656753719e-07
2.57467619942e-09	9.1300996985e-07
2.57652582313e-09	1.08859956072e-06
2.57837544683e-09	1.05935049532e-06
2.58022507054e-09	9.51063753973e-07
2.58207469424e-09	9.19830057455e-07
2.58392431795e-09	1.06348167606e-06
2.58577394166e-09	1.35977589366e-06
2.58762356536e-09	1.66486924513e-06
2.58947318907e-09	1.77757027586e-06
2.59132281278e-09	1.53477643039e-06
2.59317243648e-09	8.90510492013e-07
2.59502206019e-09	-5.71515226255e-08
2.5968716839e-09	-1.10160075906e-06
2.5987213076e-09	-2.00597821731e-06
2.60057093131e-09	-2.5864875397e-06
2.60242055502e-09	-2.76370508345e-06
2.60427017872e-09	-2.56530978504e-06
2.60611980243e-09	-2.08667307788e-06
2.60796942614e-09	-1.43768403404e-06
2.60981904984e-09	-7.04109339722e-07
2.61166867355e-09	5.71733345112e-08
2.61351829725e-09	7.94861279019e-07
2.61536792096e-09	1.43448062317e-06
2.61721754467e-09	1.87092064152e-06
2.61906716837e-09	1.99483736196e-06
2.62091679208e-09	1.74095231387e-06
2.62276641579e-09	1.13316372108e-06
2.62461603949e-09	2.96883641226e-07
2.6264656632e-09	-5.70147250301e-07
2.62831528691e-09	-1.25922713323e-06
2.63016491061e-09	-1.61632016216e-06
2.63201453432e-09	-1.58549363505e-06
2.63386415803e-09	-1.21674889897e-06
2.63571378173e-09	-6.3960560226e-07
2.63756340544e-09	-1.77204357854e-08
2.63941302915e-09	4.9686912007e-07
2.64126265285e-09	7.97579346568e-07
2.64311227656e-09	8.40971452476e-07
2.64496190027e-09	6.48721226071e-07
2.64681152397e-09	2.98464982507e-07
2.64866114768e-09	-9.4824480712e-08
2.65051077138e-09	-4.07715980089e-07
2.65236039509e-09	-5.46133563262e-07
2.6542100188e-09	-4.7969660244e-07
2.6560596425e-09	-2.57177141805e-07
2.65790926621e-09	9.35245969558e-09
2.65975888992e-09	1.9361852921e-07
2.66160851362e-09	2.14957246669e-07
2.66345813733e-09	7.81798839e-08
2.66530776104e-09	-1.31082135368e-07
2.66715738474e-09	-2.945473625e-07
2.66900700845e-09	-3.27312029924e-07
2.67085663216e-09	-2.22402789518e-07
2.67270625586e-09	-4.92097953497e-08
2.67455587957e-09	8.77326122861e-08
2.67640550328e-09	1.03940507756e-07
2.67825512698e-09	-2.94206121687e-08
2.68010475069e-09	-2.83022977499e-07
2.68195437439e-09	-5.93711490637e-07
2.6838039981e-09	-8.89464999432e-07
2.68565362181e-09	-1.10425256139e-06
2.68750324551e-09	-1.17923252674e-06
2.68935286922e-09	-1.06687420498e-06
2.69120249293e-09	-7.47287742797e-07
2.69305211663e-09	-2.52304175774e-07
2.69490174034e-09	3.22853885848e-07
2.69675136405e-09	8.40465176566e-07
2.69860098775e-09	1.17304523428e-06
2.70045061146e-09	1.26534382616e-06
2.70230023517e-09	1.16786168292e-06
2.70414985887e-09	1.01548414477e-06
2.70599948258e-09	9.56293774834e-07
2.70784910629e-09	1.06641098796e-06
2.70969872999e-09	1.29758188905e-06
2.7115483537e-09	1.49130292471e-06
2.7133979774e-09	1.45234147908e-06
2.71524760111e-09	1.04597256723e-06
2.71709722482e-09	2.71132893914e-07
2.71894684852e-09	-7.28355857404e-07
2.72079647223e-09	-1.71752230926e-06
2.72264609594e-09	-2.45834570478e-06
2.72449571964e-09	-2.79319692709e-06
2.72634534335e-09	-2.68762806854e-06
2.72819496706e-09	-2.21935835043e-06
2.73004459076e-09	-1.52702352807e-06
2.73189421447e-09	-7.49695601598e-07
2.73374383818e-09	1.26545236512e-08
2.73559346188e-09	7.02607081848e-07
2.73744308559e-09	1.28043942027e-06
2.7392927093e-09	1.69446650489e-06
2.741142333e-09	1.87262540408e-06
2.74299195671e-09	1.74596138436e-06
2.74484158041e-09	1.29208160615e-06
2.74669120412e-09	5.71914100078e-07
2.74854082783e-09	-2.66915108682e-07
2.75039045153e-09	-1.02714886907e-06
2.75224007524e-09	-1.5252161063e-06
2.75408969895e-09	-1.65270486718e-06
2.75593932265e-09	-1.40818966088e-06
2.75778894636e-09	-8.8997340697e-07
2.75963857007e-09	-2.56196244663e-07
2.76148819377e-09	3.26638740944e-07
2.76333781748e-09	7.28337269607e-07
2.76518744119e-09	8.80909126977e-07
2.76703706489e-09	7.8336911713e-07
2.7688866886e-09	4.92509542482e-07
2.77073631231e-09	1.05611073664e-07
2.77258593601e-09	-2.63322888827e-07
2.77443555972e-09	-5.1014298208e-07
2.77628518343e-09	-5.69761311908e-07
2.77813480713e-09	-4.40042512651e-07
2.77998443084e-09	-1.88176297655e-07
2.78183405454e-09	7.14647754307e-08
2.78368367825e-09	2.24218581479e-07
2.78553330196e-09	2.07651037698e-07
2.78738292566e-09	4.33626023977e-08
2.78923254937e-09	-1.73373923218e-07
2.79108217308e-09	-3.25203934892e-07
2.79293179678e-09	-3.36254856848e-07
2.79478142049e-09	-2.13383511749e-07
2.7966310442e-09	-3.99398008e-08
2.7984806679e-09	7.15285768393e-08
2.80033029161e-09	3.93915087216e-08
2.80217991532e-09	-1.50689292155e-07
2.80402953902e-09	-4.46792263631e-07
2.80587916273e-09	-7.61535901006e-07
2.80772878644e-09	-1.00835740113e-06
2.80957841014e-09	-1.12252720896e-06
2.81142803385e-09	-1.06473157757e-06
2.81327765755e-09	-8.19158088916e-07
2.81512728126e-09	-4.00002164724e-07
2.81697690497e-09	1.37280590451e-07
2.81882652867e-09	6.911298982e-07
2.82067615238e-09	1.13661150181e-06
2.82252577609e-09	1.37215792506e-06
2.82437539979e-09	1.37081525509e-06
2.8262250235e-09	1.20276777693e-06
2.82807464721e-09	1.00619465115e-06
2.82992427091e-09	9.16198942491e-07
2.83177389462e-09	9.85256804142e-07
2.83362351833e-09	1.1435336944e-06
2.83547314203e-09	1.22420127013e-06
2.83732276574e-09	1.04530940348e-06
2.83917238945e-09	5.06730543748e-07
2.84102201315e-09	-3.47716841986e-07
2.84287163686e-09	-1.33623609599e-06
2.84472126056e-09	-2.20566522557e-06
2.84657088427e-09	-2.72991951533e-06
2.84842050798e-09	-2.79051607777e-06
2.85027013168e-09	-2.40573160681e-06
2.85211975539e-09	-1.70438067926e-06
2.8539693791e-09	-8.62909104171e-07
2.8558190028e-09	-3.8908094524e-08
2.85766862651e-09	6.67515038799e-07
2.85951825022e-09	1.21277491871e-06
2.86136787392e-09	1.58046387355e-06
2.86321749763e-09	1.74953220267e-06
2.86506712134e-09	1.68369425069e-06
2.86691674504e-09	1.35194602535e-06
2.86876636875e-09	7.6629228829e-07
2.87061599246e-09	1.17766330021e-08
2.87246561616e-09	-7.57081124902e-07
2.87431523987e-09	-1.3573508113e-06
2.87616486357e-09	-1.64070476671e-06
2.87801448728e-09	-1.54704596866e-06
2.87986411099e-09	-1.12499355964e-06
2.88171373469e-09	-5.10611826599e-07
2.8835633584e-09	1.22419859139e-07
2.88541298211e-09	6.18370933125e-07
2.88726260581e-09	8.78932212345e-07
2.88911222952e-09	8.78286371631e-07
2.89096185323e-09	6.55697789398e-07
2.89281147693e-09	2.95853482157e-07
2.89466110064e-09	-9.52604732873e-08
2.89651072435e-09	-4.13666832344e-07
2.89836034805e-09	-5.79674562573e-07
2.90020997176e-09	-5.58778467052e-07
2.90205959547e-09	-3.74942175085e-07
2.90390921917e-09	-1.07723215237e-07
2.90575884288e-09	1.31565471406e-07
2.90760846659e-09	2.43890973195e-07
2.90945809029e-09	1.87247533034e-07
2.911307714e-09	-4.76248152026e-10
2.9131573377e-09	-2.18574569999e-07
2.91500696141e-09	-3.54501608513e-07
2.91685658512e-09	-3.44645016526e-07
2.91870620882e-09	-2.10234382791e-07
2.92055583253e-09	-4.54642226089e-08
2.92240545624e-09	3.45251454092e-08
2.92425507994e-09	-4.47202639364e-08
2.92610470365e-09	-2.80053207291e-07
2.92795432736e-09	-5.97140711989e-07
2.92980395106e-09	-8.89293730211e-07
2.93165357477e-09	-1.06213781237e-06
2.93350319848e-09	-1.05957980168e-06
2.93535282218e-09	-8.67465743681e-07
2.93720244589e-09	-5.04032215076e-07
2.9390520696e-09	-1.42836120709e-08
2.9409016933e-09	5.28534329192e-07
2.94275131701e-09	1.02516824541e-06
2.94460094071e-09	1.3708192057e-06
2.94645056442e-09	1.49371530256e-06
2.94830018813e-09	1.39453194947e-06
2.95014981183e-09	1.15866669148e-06
2.95199943554e-09	9.21969657952e-07
2.95384905925e-09	8.01877035883e-07
2.95569868295e-09	8.27297412798e-07
2.95754830666e-09	9.10927241193e-07
2.95939793037e-09	8.85085682967e-07
2.96124755407e-09	5.87976728639e-07
2.96309717778e-09	-4.30259623485e-08
2.96494680149e-09	-9.22696656858e-07
2.96679642519e-09	-1.83876969118e-06
2.9686460489e-09	-2.53362418334e-06
2.97049567261e-09	-2.80628393057e-06
2.97234529631e-09	-2.58605768977e-06
2.97419492002e-09	-1.94804806597e-06
2.97604454372e-09	-1.07013983097e-06
2.97789416743e-09	-1.56492740544e-07
2.97974379114e-09	6.30508694144e-07
2.98159341484e-09	1.2048807605e-06
2.98344303855e-09	1.54963012733e-06
2.98529266226e-09	1.68089675867e-06
2.98714228596e-09	1.61155364253e-06
2.98899190967e-09	1.33915148126e-06
2.99084153338e-09	8.63522302552e-07
2.99269115708e-09	2.20316778154e-07
2.99454078079e-09	-4.95041653892e-07
2.9963904045e-09	-1.13482545316e-06
2.9982400282e-09	-1.54178175649e-06
3.00008965191e-09	-1.60786444781e-06
3.00193927562e-09	-1.32014000087e-06
3.00378889932e-09	-7.69112688204e-07
3.00563852303e-09	-1.16250671311e-07
3.00748814673e-09	4.62984523608e-07
3.00933777044e-09	8.34773160818e-07
3.01118739415e-09	9.3915900834e-07
3.01303701785e-09	7.93339495431e-07
3.01488664156e-09	4.71473626362e-07
3.01673626527e-09	7.65279590809e-08
3.01858588897e-09	-2.86761178359e-07
3.02043551268e-09	-5.32607330683e-07
3.02228513639e-09	-6.09961517739e-07
3.02413476009e-09	-5.13674521585e-07
3.0259843838e-09	-2.88867830989e-07
3.02783400751e-09	-2.22883096423e-08
3.02968363121e-09	1.83589008884e-07
3.03153325492e-09	2.49043615952e-07
3.03338287863e-09	1.5286768118e-07
3.03523250233e-09	-5.34031023847e-08
3.03708212604e-09	-2.66527891313e-07
3.03893174975e-09	-3.82952720202e-07
3.04078137345e-09	-3.53997478442e-07
3.04263099716e-09	-2.1422390617e-07
3.04448062086e-09	-6.49101767891e-08
3.04633024457e-09	-1.91408116024e-08
3.04817986828e-09	-1.39477950967e-07
3.05002949198e-09	-4.04098713602e-07
3.05187911569e-09	-7.1892927167e-07
3.0537287394e-09	-9.63419324762e-07
3.0555783631e-09	-1.04241843246e-06
3.05742798681e-09	-9.15723802564e-07
3.05927761052e-09	-5.9795492291e-07
3.06112723422e-09	-1.40674281113e-07
3.06297685793e-09	3.84519836416e-07
3.06482648164e-09	8.94491563486e-07
3.06667610534e-09	1.3007055486e-06
3.06852572905e-09	1.52456337332e-06
3.07037535276e-09	1.52617124627e-06
3.07222497646e-09	1.33181129058e-06
3.07407460017e-09	1.03633001913e-06
3.07592422387e-09	7.67514293898e-07
3.07777384758e-09	6.21861175887e-07
3.07962347129e-09	6.05706972578e-07
3.08147309499e-09	6.1913866034e-07
3.0833227187e-09	5.00751170307e-07
3.08517234241e-09	1.1459069249e-07
3.08702196611e-09	-5.64212029985e-07
3.08887158982e-09	-1.41414975019e-06
3.09072121353e-09	-2.20367769543e-06
3.09257083723e-09	-2.68325385377e-06
3.09442046094e-09	-2.68834475037e-06
3.09627008465e-09	-2.20293571829e-06
3.09811970835e-09	-1.35862043749e-06
3.09996933206e-09	-3.74155042948e-07
3.10181895577e-09	5.29951122985e-07
3.10366857947e-09	1.20112153468e-06
3.10551820318e-09	1.58234692549e-06
3.10736782688e-09	1.69331099187e-06
3.10921745059e-09	1.58676940032e-06
3.1110670743e-09	1.30911607243e-06
3.112916698e-09	8.85590651478e-07
3.11476632171e-09	3.36329939898e-07
3.11661594542e-09	-2.91800986929e-07
3.11846556912e-09	-9.05469590862e-07
3.12031519283e-09	-1.37513256959e-06
3.12216481654e-09	-1.57618487151e-06
3.12401444024e-09	-1.44236136634e-06
3.12586406395e-09	-1.00238725054e-06
3.12771368766e-09	-3.78061841388e-07
3.12956331136e-09	2.56883222249e-07
3.13141293507e-09	7.37659362926e-07
3.13326255878e-09	9.61017349255e-07
3.13511218248e-09	9.08451809778e-07
3.13696180619e-09	6.37065880937e-07
3.13881142989e-09	2.48544143489e-07
3.1406610536e-09	-1.45981953636e-07
3.14251067731e-09	-4.52618948543e-07
3.14436030101e-09	-6.10474302221e-07
3.14620992472e-09	-5.98323737222e-07
3.14805954843e-09	-4.37711378254e-07
3.14990917213e-09	-1.88989861982e-07
3.15175879584e-09	6.05966334888e-08
3.15360841955e-09	2.22082604751e-07
3.15545804325e-09	2.3678027361e-07
3.15730766696e-09	1.03813412977e-07
3.15915729067e-09	-1.14328647882e-07
3.16100691437e-09	-3.16422188007e-07
3.16285653808e-09	-4.10922787353e-07
3.16470616179e-09	-3.64701094213e-07
3.16655578549e-09	-2.2473970418e-07
3.1684054092e-09	-9.5530534594e-08
3.17025503291e-09	-8.28080111148e-08
3.17210465661e-09	-2.34148881617e-07
3.17395428032e-09	-5.09582392283e-07
3.17580390402e-09	-7.9874106973e-07
3.17765352773e-09	-9.74070417215e-07
3.17950315144e-09	-9.46880945207e-07
3.18135277514e-09	-6.97949843698e-07
3.18320239885e-09	-2.72451075034e-07
3.18505202256e-09	2.47067099224e-07
3.18690164626e-09	7.69107359133e-07
3.18875126997e-09	1.20928444858e-06
3.19060089368e-09	1.4968975961e-06
3.19245051738e-09	1.58446241016e-06
3.19430014109e-09	1.46440228832e-06
3.1961497648e-09	1.18428258133e-06
3.1979993885e-09	8.42551784785e-07
3.19984901221e-09	5.53433608275e-07
3.20169863592e-09	3.90161645214e-07
3.20354825962e-09	3.38495397045e-07
3.20539788333e-09	2.91745209324e-07
3.20724750703e-09	1.00840056305e-07
3.20909713074e-09	-3.40538868215e-07
3.21094675445e-09	-1.02105056499e-06
3.21279637815e-09	-1.79055007266e-06
3.21464600186e-09	-2.41012565994e-06
3.21649562557e-09	-2.65063056304e-06
3.21834524927e-09	-2.39274226033e-06
3.22019487298e-09	-1.67797153949e-06
3.22204449669e-09	-6.89615376359e-07
3.22389412039e-09	3.23142209879e-07
3.2257437441e-09	1.13823898573e-06
3.22759336781e-09	1.6275576229e-06
3.22944299151e-09	1.77439832783e-06
3.23129261522e-09	1.64187508744e-06
3.23314223893e-09	1.32062058356e-06
3.23499186263e-09	8.84380582988e-07
3.23684148634e-09	3.76116524592e-07
3.23869111004e-09	-1.74856566559e-07
3.24054073375e-09	-7.23160127336e-07
3.24239035746e-09	-1.18893350987e-06
3.24423998116e-09	-1.46778634758e-06
3.24608960487e-09	-1.47072452705e-06
3.24793922858e-09	-1.17081961548e-06
3.24978885228e-09	-6.30214273656e-07
3.25163847599e-09	1.00826309524e-08
3.2534880997e-09	5.76880381686e-07
3.2553377234e-09	9.26417897062e-07
3.25718734711e-09	9.91403112494e-07
3.25903697082e-09	7.94300248685e-07
3.26088659452e-09	4.26440465162e-07
3.26273621823e-09	7.6292314688e-09
3.26458584194e-09	-3.52625804112e-07
3.26643546564e-09	-5.79579975124e-07
3.26828508935e-09	-6.41258651513e-07
3.27013471305e-09	-5.46166759818e-07
3.27198433676e-09	-3.37334022049e-07
3.27383396047e-09	-8.37725888658e-08
3.27568358417e-09	1.33210040332e-07
3.27753320788e-09	2.41846130677e-07
3.27938283159e-09	2.05428612787e-07
3.28123245529e-09	4.09252987055e-08
3.283082079e-09	-1.81789104658e-07
3.28493170271e-09	-3.66916843575e-07
3.28678132641e-09	-4.37347658533e-07
3.28863095012e-09	-3.76204482677e-07
3.29048057383e-09	-2.39939222269e-07
3.29233019753e-09	-1.32256641194e-07
3.29417982124e-09	-1.48065399941e-07
3.29602944495e-09	-3.17778635406e-07
3.29787906865e-09	-5.84160630979e-07
3.29972869236e-09	-8.2632962517e-07
3.30157831607e-09	-9.1664733759e-07
3.30342793977e-09	-7.79137550921e-07
3.30527756348e-09	-4.19282493169e-07
3.30712718718e-09	8.75331629402e-08
3.30897681089e-09	6.32772270137e-07
3.3108264346e-09	1.11267374336e-06
3.3126760583e-09	1.44973515148e-06
3.31452568201e-09	1.59807595423e-06
3.31637530572e-09	1.54386953e-06
3.31822492942e-09	1.30987888269e-06
3.32007455313e-09	9.59991410809e-07
3.32192417684e-09	5.89965480913e-07
3.32377380054e-09	2.95191604494e-07
3.32562342425e-09	1.24893364983e-07
3.32747304796e-09	4.73430468162e-08
3.32932267166e-09	-4.55578916814e-08
3.33117229537e-09	-2.84876826129e-07
3.33302191908e-09	-7.45623964349e-07
3.33487154278e-09	-1.38398019089e-06
3.33672116649e-09	-2.03037933488e-06
3.33857079019e-09	-2.45029411872e-06
3.3404204139e-09	-2.44602478006e-06
3.34227003761e-09	-1.94937189235e-06
3.34411966131e-09	-1.05774637404e-06
3.34596928502e-09	2.18656159845e-09
3.34781890873e-09	9.64266561709e-07
3.34966853243e-09	1.61984695524e-06
3.35151815614e-09	1.87887391689e-06
3.35336777985e-09	1.77310624849e-06
3.35521740355e-09	1.41177423529e-06
3.35706702726e-09	9.19045248793e-07
3.35891665097e-09	3.87479751396e-07
3.36076627467e-09	-1.34186411316e-07
3.36261589838e-09	-6.20610009605e-07
3.36446552209e-09	-1.03863266077e-06
3.36631514579e-09	-1.32900416361e-06
3.3681647695e-09	-1.41701127632e-06
3.3700143932e-09	-1.24808423152e-06
3.37186401691e-09	-8.27835393125e-07
3.37371364062e-09	-2.42221961599e-07
3.37556326432e-09	3.60295068447e-07
3.37741288803e-09	8.18876159769e-07
3.37926251174e-09	1.01830923427e-06
3.38111213544e-09	9.29208297862e-07
3.38296175915e-09	6.11369685544e-07
3.38481138286e-09	1.82374122915e-07
3.38666100656e-09	-2.29811782049e-07
3.38851063027e-09	-5.26485294472e-07
3.39036025398e-09	-6.58210566939e-07
3.39220987768e-09	-6.23721689408e-07
3.39405950139e-09	-4.58533243375e-07
3.3959091251e-09	-2.21312905779e-07
3.3977587488e-09	1.74683059129e-08
3.39960837251e-09	1.88268348467e-07
3.40145799622e-09	2.39210500297e-07
3.40330761992e-09	1.54524368412e-07
3.40515724363e-09	-3.38965997493e-08
3.40700686733e-09	-2.53037470088e-07
3.40885649104e-09	-4.15732635872e-07
3.41070611475e-09	-4.60833391003e-07
3.41255573845e-09	-3.8647042544e-07
3.41440536216e-09	-2.56188506853e-07
3.41625498587e-09	-1.69068727018e-07
3.41810460957e-09	-2.05874886916e-07
3.41995423328e-09	-3.79320212573e-07
3.42180385699e-09	-6.18105261196e-07
3.42365348069e-09	-7.95894493422e-07
3.4255031044e-09	-7.91883138618e-07
3.42735272811e-09	-5.4880840139e-07
3.42920235181e-09	-9.82202053024e-08
3.43105197552e-09	4.57279078603e-07
3.43290159923e-09	9.89422915154e-07
3.43475122293e-09	1.39041233638e-06
3.43660084664e-09	1.59778244324e-06
3.43845047034e-09	1.59512208597e-06
3.44030009405e-09	1.40301847296e-06
3.44214971776e-09	1.07106737346e-06
3.44399934146e-09	6.73145720498e-07
3.44584896517e-09	2.95764067459e-07
3.44769858888e-09	1.20667988934e-08
3.44954821258e-09	-1.5292142308e-07
3.45139783629e-09	-2.44788758152e-07
3.45324746e-09	-3.67031255166e-07
3.4550970837e-09	-6.28803149993e-07
3.45694670741e-09	-1.07405168137e-06
3.45879633112e-09	-1.63191191405e-06
3.46064595482e-09	-2.1232398808e-06
3.46249557853e-09	-2.32947286349e-06
3.46434520224e-09	-2.09274162444e-06
3.46619482594e-09	-1.39830359558e-06
3.46804444965e-09	-3.94429903849e-07
3.46989407335e-09	6.60644090544e-07
3.47174369706e-09	1.49885678979e-06
3.47359332077e-09	1.93951342453e-06
3.47544294447e-09	1.94088818262e-06
3.47729256818e-09	1.58819267426e-06
3.47914219189e-09	1.03431011667e-06
3.48099181559e-09	4.29164778382e-07
3.4828414393e-09	-1.27677749262e-07
3.48469106301e-09	-5.94360500372e-07
3.48654068671e-09	-9.61299562618e-07
3.48839031042e-09	-1.21606223047e-06
3.49023993413e-09	-1.32451924628e-06
3.49208955783e-09	-1.24073423535e-06
3.49393918154e-09	-9.39749114082e-07
3.49578880525e-09	-4.51999042639e-07
3.49763842895e-09	1.23980239408e-07
3.49948805266e-09	6.4378865261e-07
3.50133767636e-09	9.67087004256e-07
3.50318730007e-09	1.01179040257e-06
3.50503692378e-09	7.85840441608e-07
3.50688654748e-09	3.79769346637e-07
3.50873617119e-09	-7.23492785681e-08
3.5105857949e-09	-4.43726428045e-07
3.5124354186e-09	-6.54305623016e-07
3.51428504231e-09	-6.83779262545e-07
3.51613466602e-09	-5.61032905466e-07
3.51798428972e-09	-3.43858864937e-07
3.51983391343e-09	-9.99816620606e-08
3.52168353714e-09	1.05605447942e-07
3.52353316084e-09	2.19789054512e-07
3.52538278455e-09	2.11997956967e-07
3.52723240826e-09	8.54413588769e-08
3.52908203196e-09	-1.17452694681e-07
3.53093165567e-09	-3.24521479911e-07
3.53278127938e-09	-4.59893648497e-07
3.53463090308e-09	-4.78761378986e-07
3.53648052679e-09	-3.9270342711e-07
3.53833015049e-09	-2.68951431792e-07
3.5401797742e-09	-1.98922418093e-07
3.54202939791e-09	-2.47321018776e-07
3.54387902161e-09	-4.09925583256e-07
3.54572864532e-09	-6.04701568818e-07
3.54757826903e-09	-7.0626875015e-07
3.54942789273e-09	-6.06662752034e-07
3.55127751644e-09	-2.70921233891e-07
3.55312714015e-09	2.4326539716e-07
3.55497676385e-09	8.10524355188e-07
3.55682638756e-09	1.29119499093e-06
3.55867601127e-09	1.58199964062e-06
3.56052563497e-09	1.64155733273e-06
3.56237525868e-09	1.48623695395e-06
3.56422488239e-09	1.16958037211e-06
3.56607450609e-09	7.62740484106e-07
3.5679241298e-09	3.42646707452e-07
3.5697737535e-09	-1.91039315478e-08
3.57162337721e-09	-2.74570922443e-07
3.57347300092e-09	-4.21637324166e-07
3.57532262462e-09	-5.15030848192e-07
3.57717224833e-09	-6.49034262779e-07
3.57902187204e-09	-9.07920252757e-07
3.58087149574e-09	-1.30633787876e-06
3.58272111945e-09	-1.75328554519e-06
3.58457074316e-09	-2.07057803436e-06
3.58642036686e-09	-2.06500794775e-06
3.58826999057e-09	-1.62441816087e-06
3.59011961428e-09	-7.86366555872e-07
3.59196923798e-09	2.58714116796e-07
3.59381886169e-09	1.23502405813e-06
3.5956684854e-09	1.8877802006e-06
3.5975181091e-09	2.07714896305e-06
3.59936773281e-09	1.81677569344e-06
3.60121735651e-09	1.24511177546e-06
3.60306698022e-09	5.52430179823e-07
3.60491660393e-09	-9.66610365083e-08
3.60676622763e-09	-6.08737266816e-07
3.60861585134e-09	-9.61353137541e-07
3.61046547505e-09	-1.17008795542e-06
3.61231509875e-09	-1.24843111848e-06
3.61416472246e-09	-1.18796697279e-06
3.61601434617e-09	-9.67297154375e-07
3.61786396987e-09	-5.83530550102e-07
3.61971359358e-09	-8.20200742879e-08
3.62156321729e-09	4.36186034847e-07
3.62341284099e-09	8.3978089549e-07
3.6252624647e-09	1.01522078921e-06
3.62711208841e-09	9.14835780463e-07
3.62896171211e-09	5.79366499665e-07
3.63081133582e-09	1.22362209254e-07
3.63266095952e-09	-3.15057803846e-07
3.63451058323e-09	-6.1707365262e-07
3.63636020694e-09	-7.27697241132e-07
3.63820983064e-09	-6.56646918173e-07
3.64005945435e-09	-4.60283040127e-07
3.64190907806e-09	-2.13023806594e-07
3.64375870176e-09	1.57477511031e-08
3.64560832547e-09	1.72445108859e-07
3.64745794918e-09	2.2370662478e-07
3.64930757288e-09	1.60253730286e-07
3.65115719659e-09	1.10283604471e-09
3.6530068203e-09	-2.052913608e-07
3.654856444e-09	-3.91768068653e-07
3.65670606771e-09	-4.95739058692e-07
3.65855569142e-09	-4.88100582174e-07
3.66040531512e-09	-3.9121768225e-07
3.66225493883e-09	-2.73177775512e-07
3.66410456254e-09	-2.14993658432e-07
3.66595418624e-09	-2.64701526476e-07
3.66780380995e-09	-4.02986849224e-07
3.66965343365e-09	-5.41599717963e-07
3.67150305736e-09	-5.6150997807e-07
3.67335268107e-09	-3.72754278999e-07
3.67520230477e-09	3.51767228679e-08
3.67705192848e-09	5.80588420007e-07
3.67890155219e-09	1.12187396439e-06
3.68075117589e-09	1.51605462406e-06
3.6826007996e-09	1.67257255157e-06
3.68445042331e-09	1.57656180022e-06
3.68630004701e-09	1.27743942357e-06
3.68814967072e-09	8.57962078271e-07
3.68999929443e-09	4.04880935889e-07
3.69184891813e-09	-8.84608097884e-09
3.69369854184e-09	-3.31949081556e-07
3.69554816555e-09	-5.4300726049e-07
3.69739778925e-09	-6.60238541172e-07
3.69924741296e-09	-7.4310840148e-07
3.70109703666e-09	-8.72013970366e-07
3.70294666037e-09	-1.10518251972e-06
3.70479628408e-09	-1.43131708796e-06
3.70664590778e-09	-1.74713659362e-06
3.70849553149e-09	-1.88464710504e-06
3.7103451552e-09	-1.68434411307e-06
3.7121947789e-09	-1.08206646132e-06
3.71404440261e-09	-1.62908555978e-07
3.71589402632e-09	8.51855674e-07
3.71774365002e-09	1.68364982756e-06
3.71959327373e-09	2.10584499882e-06
3.72144289744e-09	2.02920398351e-06
3.72329252114e-09	1.52547357857e-06
3.72514214485e-09	7.82056531534e-07
3.72699176856e-09	1.63362900985e-08
3.72884139226e-09	-6.056867079e-07
3.73069101597e-09	-1.00969327832e-06
3.73254063967e-09	-1.2035775967e-06
3.73439026338e-09	-1.23443575717e-06
3.73623988709e-09	-1.14329498047e-06
3.73808951079e-09	-9.43796095498e-07
3.7399391345e-09	-6.32375417808e-07
3.74178875821e-09	-2.18794646401e-07
3.74363838191e-09	2.46668015791e-07
3.74548800562e-09	6.6945767685e-07
3.74733762933e-09	9.3749953578e-07
3.74918725303e-09	9.66913034972e-07
3.75103687674e-09	7.42714846069e-07
3.75288650045e-09	3.32399828551e-07
3.75473612415e-09	-1.36581178367e-07
3.75658574786e-09	-5.25945551999e-07
3.75843537157e-09	-7.37561776987e-07
3.76028499527e-09	-7.43227744238e-07
3.76213461898e-09	-5.81918214948e-07
3.76398424268e-09	-3.32212117371e-07
3.76583386639e-09	-7.807653013e-08
3.7676834901e-09	1.1554406143e-07
3.7695331138e-09	2.11481822276e-07
3.77138273751e-09	1.98331203904e-07
3.77323236122e-09	8.62738644969e-08
3.77508198492e-09	-9.38058288824e-08
3.77693160863e-09	-2.92013432102e-07
3.77878123234e-09	-4.49812809222e-07
3.78063085604e-09	-5.19228677831e-07
3.78248047975e-09	-4.8528150387e-07
3.78433010346e-09	-3.78258242506e-07
3.78617972716e-09	-2.63890534313e-07
3.78802935087e-09	-2.11258853966e-07
3.78987897458e-09	-2.52366817222e-07
3.79172859828e-09	-3.55470135105e-07
3.79357822199e-09	-4.30740037416e-07
3.7954278457e-09	-3.70582590392e-07
3.7972774694e-09	-1.06493084573e-07
3.79912709311e-09	3.47380677113e-07
3.80097671681e-09	8.89199512244e-07
3.80282634052e-09	1.36826133712e-06
3.80467596423e-09	1.6470846731e-06
3.80652558793e-09	1.65472869185e-06
3.80837521164e-09	1.40593331821e-06
3.81022483535e-09	9.81692579671e-07
3.81207445905e-09	4.88696159096e-07
3.81392408276e-09	2.15393511915e-08
3.81577370647e-09	-3.57136578089e-07
3.81762333017e-09	-6.20079475766e-07
3.81947295388e-09	-7.72748961708e-07
3.82132257759e-09	-8.50609154668e-07
3.82317220129e-09	-9.12647323048e-07
3.825021825e-09	-1.02193629914e-06
3.82687144871e-09	-1.21094774386e-06
3.82872107241e-09	-1.44684756265e-06
3.83057069612e-09	-1.62205287779e-06
3.83242031982e-09	-1.58745856993e-06
3.83426994353e-09	-1.22244247791e-06
3.83611956724e-09	-5.10198916004e-07
3.83796919094e-09	4.2428522562e-07
3.83981881465e-09	1.34213593128e-06
3.84166843836e-09	1.97724699547e-06
3.84351806206e-09	2.14325478964e-06
3.84536768577e-09	1.80786236115e-06
3.84721730948e-09	1.09957034056e-06
3.84906693318e-09	2.45975442681e-07
3.85091655689e-09	-5.21569617717e-07
3.8527661806e-09	-1.04941588575e-06
3.8546158043e-09	-1.2946478023e-06
3.85646542801e-09	-1.30323570602e-06
3.85831505172e-09	-1.15659580047e-06
3.86016467542e-09	-9.20859903886e-07
3.86201429913e-09	-6.25398442367e-07
3.86386392283e-09	-2.75196832433e-07
3.86571354654e-09	1.1715087922e-07
3.86756317025e-09	5.05375226112e-07
3.86941279395e-09	8.08117590623e-07
3.87126241766e-09	9.36155871045e-07
3.87311204137e-09	8.34595539345e-07
3.87496166507e-09	5.16729656397e-07
3.87681128878e-09	6.9636072908e-08
3.87866091249e-09	-3.74638609912e-07
3.88051053619e-09	-6.88892214384e-07
3.8823601599e-09	-7.98348537501e-07
3.88420978361e-09	-7.03314881889e-07
3.88605940731e-09	-4.68709913548e-07
3.88790903102e-09	-1.89278559048e-07
3.88975865473e-09	4.84476849749e-08
3.89160827843e-09	1.90396441724e-07
3.89345790214e-09	2.18997392665e-07
3.89530752584e-09	1.44518363498e-07
3.89715714955e-09	-5.6493195677e-09
3.89900677326e-09	-1.93096134637e-07
3.90085639696e-09	-3.71433081625e-07
3.90270602067e-09	-4.93627283049e-07
3.90455564438e-09	-5.26280999225e-07
3.90640526808e-09	-4.66838329771e-07
3.90825489179e-09	-3.50231346147e-07
3.9101045155e-09	-2.36939197151e-07
3.9119541392e-09	-1.8347384767e-07
3.91380376291e-09	-2.07318780809e-07
3.91565338662e-09	-2.68017146254e-07
3.91750301032e-09	-2.78570247758e-07
3.91935263403e-09	-1.4671029902e-07
3.92120225774e-09	1.72784698549e-07
3.92305188144e-09	6.42567982823e-07
3.92490150515e-09	1.14603784596e-06
3.92675112886e-09	1.53125449742e-06
3.92860075256e-09	1.67399909401e-06
3.93045037627e-09	1.52863594849e-06
3.93229999997e-09	1.14049254307e-06
3.93414962368e-09	6.18558900101e-07
3.93599924739e-09	8.63150031449e-08
3.93784887109e-09	-3.61183111863e-07
3.9396984948e-09	-6.77785834569e-07
3.94154811851e-09	-8.62663355861e-07
3.94339774221e-09	-9.46722579442e-07
3.94524736592e-09	-9.78552151309e-07
3.94709698963e-09	-1.01246303075e-06
3.94894661333e-09	-1.09151611127e-06
3.95079623704e-09	-1.2233056168e-06
3.95264586075e-09	-1.35936730317e-06
3.95449548445e-09	-1.3955282725e-06
3.95634510816e-09	-1.20825805539e-06
3.95819473187e-09	-7.18492941587e-07
3.96004435557e-09	4.66971461499e-08
3.96189397928e-09	9.328002335e-07
3.96374360298e-09	1.69726718013e-06
3.96559322669e-09	2.10036296266e-06
3.9674428504e-09	2.00552796059e-06
3.9692924741e-09	1.43952746612e-06
3.97114209781e-09	5.81669482358e-07
3.97299172152e-09	-3.12182699247e-07
3.97484134522e-09	-1.01112394191e-06
3.97669096893e-09	-1.38791017434e-06
3.97854059264e-09	-1.44047240269e-06
3.98039021634e-09	-1.2571106538e-06
3.98223984005e-09	-9.52348827354e-07
3.98408946376e-09	-6.11680505358e-07
3.98593908746e-09	-2.71184802614e-07
3.98778871117e-09	6.55097984747e-08
3.98963833488e-09	3.92325055998e-07
3.99148795858e-09	6.74217346841e-07
3.99333758229e-09	8.46922674214e-07
3.99518720599e-09	8.44373133191e-07
3.9970368297e-09	6.37518439817e-07
3.99888645341e-09	2.61786716749e-07
4.00073607711e-09	-1.84537935155e-07
4.00258570082e-09	-5.72789744524e-07
4.00443532453e-09	-7.93467151539e-07
4.00628494823e-09	-7.98309983452e-07
4.00813457194e-09	-6.15068614707e-07
4.00998419565e-09	-3.29392300102e-07
4.01183381935e-09	-4.51323085571e-08
4.01368344306e-09	1.55400361024e-07
4.01553306677e-09	2.33736500377e-07
4.01738269047e-09	1.93710889107e-07
4.01923231418e-09	6.59706262951e-08
