% time-domain current integration by openEMS v0.0.36 @Wed Sep  9 01:33:15 2026
% start-coordinates: (0.016939,0.00109237,2.5e-05) m -> [419,11,1]
% stop-coordinates: (0.0169989,0.00135578,2.5e-05) m -> [420,20,1]
% t/s	current
1.00523027526e-14	0
1.85967600923e-12	0
3.70929971571e-12	0
5.55892342219e-12	0
7.40854712867e-12	0
9.25817083515e-12	0
1.11077945416e-11	0
1.29574182481e-11	0
1.48070419546e-11	0
1.66566656611e-11	0
1.85062893675e-11	0
2.0355913074e-11	0
2.22055367805e-11	0
2.4055160487e-11	0
2.59047841935e-11	0
2.77544078999e-11	0
2.96040316064e-11	0
3.14536553129e-11	0
3.33032790194e-11	0
3.51529027259e-11	0
3.70025264323e-11	0
3.88521501388e-11	0
4.07017738453e-11	0
4.25513975518e-11	0
4.44010212583e-11	0
4.62506449647e-11	0
4.81002686712e-11	9.1600210747e-36
4.99498923777e-11	1.78769406568e-29
5.17995160842e-11	3.83487098032e-24
5.36491397906e-11	9.7332300577e-20
5.54987634971e-11	2.72628644911e-16
5.73483872036e-11	6.73379537894e-14
5.91980109101e-11	9.88128957997e-13
6.10476346166e-11	1.05775056682e-12
6.2897258323e-11	-6.71886103611e-13
6.47468820295e-11	-3.65795935209e-12
6.6596505736e-11	-1.06588349258e-11
6.84461294425e-11	-2.40400928331e-11
7.0295753149e-11	-4.33752998796e-11
7.21453768554e-11	-6.3763591629e-11
7.39950005619e-11	-7.23280393911e-11
7.58446242684e-11	-4.56148938066e-11
7.76942479749e-11	4.42957164004e-11
7.95438716814e-11	2.18384518802e-10
8.13934953878e-11	4.69586203256e-10
8.32431190943e-11	7.45488004661e-10
8.50927428008e-11	9.44938904901e-10
8.69423665073e-11	9.40351241319e-10
8.87919902137e-11	6.28851470896e-10
9.06416139202e-11	-6.23625977247e-12
9.24912376267e-11	-8.56675785865e-10
9.43408613332e-11	-1.73256764491e-09
9.61904850397e-11	-2.5585893404e-09
9.80401087461e-11	-3.85531517821e-09
9.98897324526e-11	-7.52235695956e-09
1.01739356159e-10	-1.71874390276e-08
1.03588979866e-10	-3.67178145666e-08
1.05438603572e-10	-6.86044145937e-08
1.07288227279e-10	-1.13084112741e-07
1.09137850985e-10	-1.5799473374e-07
1.10987474691e-10	-1.73158369421e-07
1.12837098398e-10	-1.03796651274e-07
1.14686722104e-10	1.25551125052e-07
1.16536345811e-10	5.92358674112e-07
1.18385969517e-10	1.33597075092e-06
1.20235593224e-10	2.304560212e-06
1.2208521693e-10	3.30896477863e-06
1.23934840637e-10	4.015345894e-06
1.25784464343e-10	4.00602493755e-06
1.2763408805e-10	2.91465903501e-06
1.29483711756e-10	6.02014893047e-07
1.31333335463e-10	-2.70001237368e-06
1.33182959169e-10	-6.35985861663e-06
1.35032582876e-10	-9.48292927205e-06
1.36882206582e-10	-1.11903191282e-05
1.38731830289e-10	-1.09381826405e-05
1.40581453995e-10	-8.73878798302e-06
1.42431077702e-10	-5.17602529726e-06
1.44280701408e-10	-1.19955063838e-06
1.46130325115e-10	2.21335949391e-06
1.47979948821e-10	4.38037614003e-06
1.49829572528e-10	5.0896051107e-06
1.51679196234e-10	4.57630949313e-06
1.53528819941e-10	3.34478249897e-06
1.55378443647e-10	1.93819073502e-06
1.57228067353e-10	7.58618796226e-07
1.5907769106e-10	-7.802642088e-09
1.60927314766e-10	-3.65838872085e-07
1.62776938473e-10	-4.30669047091e-07
1.64626562179e-10	-3.43238752976e-07
1.66476185886e-10	-2.14466567172e-07
1.68325809592e-10	-1.06071603057e-07
1.70175433299e-10	-3.76959725656e-08
1.72025057005e-10	-4.5057348963e-09
1.73874680712e-10	6.57907017754e-09
1.75724304418e-10	7.39934069571e-09
1.77573928125e-10	5.21012832877e-09
1.79423551831e-10	3.17696402519e-09
1.81273175538e-10	2.1040644782e-09
1.83122799244e-10	1.79485126761e-09
1.84972422951e-10	1.85596737978e-09
1.86822046657e-10	1.88704607496e-09
1.88671670364e-10	1.61911706265e-09
1.9052129407e-10	1.34380284678e-09
1.92370917777e-10	1.36657840599e-09
1.94220541483e-10	1.27336663436e-09
1.9607016519e-10	1.19820542377e-09
1.97919788896e-10	9.72345204353e-10
1.99769412602e-10	6.99272584281e-10
2.01619036309e-10	4.38097530475e-10
2.03468660015e-10	2.95824698071e-10
2.05318283722e-10	3.56088297737e-10
2.07167907428e-10	6.1805399687e-10
2.09017531135e-10	1.01887254189e-09
2.10867154841e-10	1.47260503791e-09
2.12716778548e-10	1.92870563964e-09
2.14566402254e-10	2.40066455603e-09
2.16416025961e-10	2.96674684819e-09
2.18265649667e-10	3.7079903592e-09
2.20115273374e-10	4.63109683935e-09
2.2196489708e-10	5.5828976997e-09
2.23814520787e-10	6.25264595655e-09
2.25664144493e-10	6.25648599595e-09
2.275137682e-10	5.30609334248e-09
2.29363391906e-10	3.38900996155e-09
2.31213015613e-10	8.89372908652e-10
2.33062639319e-10	-1.3368133267e-09
2.34912263026e-10	-2.29266272633e-09
2.36761886732e-10	-1.87801840745e-09
2.38611510439e-10	-1.5315926305e-09
2.40461134145e-10	-3.9359626669e-09
2.42310757852e-10	-1.29452955022e-08
2.44160381558e-10	-3.11472447834e-08
2.46010005264e-10	-5.71773668412e-08
2.47859628971e-10	-8.402619045e-08
2.49709252677e-10	-9.90700215198e-08
2.51558876384e-10	-8.81598793967e-08
2.5340850009e-10	-4.23473593969e-08
2.55258123797e-10	3.53560416499e-08
2.57107747503e-10	1.26899294628e-07
2.5895737121e-10	2.03177265234e-07
2.60806994916e-10	2.34845330738e-07
2.62656618623e-10	2.0551087232e-07
2.64506242329e-10	1.20763985478e-07
2.66355866036e-10	7.57731033474e-09
2.68205489742e-10	-9.64503215073e-08
2.70055113449e-10	-1.59062921057e-07
2.71904737155e-10	-1.66301006743e-07
2.73754360862e-10	-1.26346904494e-07
2.75603984568e-10	-6.2901790443e-08
2.77453608275e-10	-2.7434186034e-09
2.79303231981e-10	3.56230529519e-08
2.81152855688e-10	4.71638976762e-08
2.83002479394e-10	3.82708087443e-08
2.84852103101e-10	2.0463287953e-08
2.86701726807e-10	3.96034849359e-09
2.88551350513e-10	-5.83819526057e-09
2.9040097422e-10	-8.45171133079e-09
2.92250597926e-10	-6.33891472646e-09
2.94100221633e-10	-2.54675347477e-09
2.95949845339e-10	7.43386741053e-10
2.97799469046e-10	2.63359800634e-09
2.99649092752e-10	3.17540282957e-09
3.01498716459e-10	2.86300472219e-09
3.03348340165e-10	2.24075025201e-09
3.05197963872e-10	1.6997783181e-09
3.07047587578e-10	1.46729861594e-09
3.08897211285e-10	1.61967150802e-09
3.10746834991e-10	2.17463180796e-09
3.12596458698e-10	3.05965341951e-09
3.14446082404e-10	4.10800815587e-09
3.16295706111e-10	5.04871255913e-09
3.18145329817e-10	5.43074163417e-09
3.19994953524e-10	4.81517981044e-09
3.2184457723e-10	2.85430856728e-09
3.23694200937e-10	-6.74949207635e-10
3.25543824643e-10	-5.46395328982e-09
3.2739344835e-10	-1.06038084979e-08
3.29243072056e-10	-1.47802907691e-08
3.31092695763e-10	-1.65575624322e-08
3.32942319469e-10	-1.49222394441e-08
3.34791943175e-10	-9.77489822418e-09
3.36641566882e-10	-2.16755591254e-09
3.38491190588e-10	6.04499161838e-09
3.40340814295e-10	1.26998500605e-08
3.42190438001e-10	1.61506488183e-08
3.44040061708e-10	1.57686290692e-08
3.45889685414e-10	1.2013701145e-08
3.47739309121e-10	6.15491169143e-09
3.49588932827e-10	-2.41354214392e-10
3.51438556534e-10	-5.75953151838e-09
3.5328818024e-10	-9.38701472109e-09
3.55137803947e-10	-1.05731752242e-08
3.56987427653e-10	-9.26932930412e-09
3.5883705136e-10	-6.03874728e-09
3.60686675066e-10	-2.29513097416e-09
3.62536298773e-10	-5.12584585888e-10
3.64385922479e-10	-3.86500031979e-09
3.66235546186e-10	-1.49032324259e-08
3.68085169892e-10	-3.37351231394e-08
3.69934793599e-10	-5.65957165577e-08
3.71784417305e-10	-7.51106554731e-08
3.73634041012e-10	-7.75632855721e-08
3.75483664718e-10	-5.36139950214e-08
3.77333288424e-10	3.88756665748e-10
3.79182912131e-10	7.66733876389e-08
3.81032535837e-10	1.55044403982e-07
3.82882159544e-10	2.08705685623e-07
3.8473178325e-10	2.1402560435e-07
3.86581406957e-10	1.62222420386e-07
3.88431030663e-10	6.52520100175e-08
3.9028065437e-10	-4.67642138346e-08
3.92130278076e-10	-1.37283592494e-07
3.93979901783e-10	-1.78638046577e-07
3.95829525489e-10	-1.63266975051e-07
3.97679149196e-10	-1.05386170901e-07
3.99528772902e-10	-3.26779492354e-08
4.01378396609e-10	2.72242441923e-08
4.03228020315e-10	5.79841668014e-08
4.05077644022e-10	5.85895065797e-08
4.06927267728e-10	3.96288868387e-08
4.08776891435e-10	1.54073251935e-08
4.10626515141e-10	-3.17020520946e-09
4.12476138848e-10	-1.18113820946e-08
4.14325762554e-10	-1.19369074625e-08
4.16175386261e-10	-7.61569030061e-09
4.18025009967e-10	-2.64711141895e-09
4.19874633674e-10	8.69094463063e-10
4.2172425738e-10	2.53640353165e-09
4.23573881086e-10	2.84705237164e-09
4.25423504793e-10	2.46806486359e-09
4.27273128499e-10	1.86621607057e-09
4.29122752206e-10	1.28125809962e-09
4.30972375912e-10	8.43533520811e-10
4.32821999619e-10	6.2388122446e-10
4.34671623325e-10	6.5791178061e-10
4.36521247032e-10	9.09673836258e-10
4.38370870738e-10	1.25662014128e-09
4.40220494445e-10	1.53403545422e-09
4.42070118151e-10	1.5860338598e-09
4.43919741858e-10	1.35387367983e-09
4.45769365564e-10	9.65098334582e-10
4.47618989271e-10	6.73055777778e-10
4.49468612977e-10	7.01920632729e-10
4.51318236684e-10	1.19144238919e-09
4.5316786039e-10	2.12717043979e-09
4.55017484097e-10	3.34443184258e-09
4.56867107803e-10	4.49967529903e-09
4.5871673151e-10	5.25419086017e-09
4.60566355216e-10	5.51955459116e-09
4.62415978923e-10	5.22420950944e-09
4.64265602629e-10	4.53226167707e-09
4.66115226335e-10	3.52956908145e-09
4.67964850042e-10	2.23224505547e-09
4.69814473748e-10	5.47468237411e-10
4.71664097455e-10	-1.57994506367e-09
4.73513721161e-10	-4.0481071828e-09
4.75363344868e-10	-6.46905062851e-09
4.77212968574e-10	-8.24332246907e-09
4.79062592281e-10	-8.81183925827e-09
4.80912215987e-10	-7.96884069842e-09
4.82761839694e-10	-6.22127060979e-09
4.846114634e-10	-4.96482943646e-09
4.86461087107e-10	-6.28621288357e-09
4.88310710813e-10	-1.23410259789e-08
4.9016033452e-10	-2.41770905518e-08
4.92009958226e-10	-4.0311231686e-08
4.93859581933e-10	-5.5732577664e-08
4.95709205639e-10	-6.23436520186e-08
4.97558829346e-10	-5.11720621432e-08
4.99408453052e-10	-1.60675686089e-08
5.01258076759e-10	4.19086845227e-08
5.03107700465e-10	1.11458888341e-07
5.04957324172e-10	1.72323595393e-07
5.06806947878e-10	2.01428562718e-07
5.08656571584e-10	1.81845706493e-07
5.10506195291e-10	1.12018739173e-07
5.12355818997e-10	9.27547194607e-09
5.14205442704e-10	-9.50414147383e-08
5.1605506641e-10	-1.67143412e-07
5.17904690117e-10	-1.85282118537e-07
5.19754313823e-10	-1.48462447669e-07
5.2160393753e-10	-7.63899095091e-08
5.23453561236e-10	7.37265470896e-10
5.25303184943e-10	5.57846604465e-08
5.27152808649e-10	7.56599831675e-08
5.29002432356e-10	6.37970245521e-08
5.30852056062e-10	3.48578268472e-08
5.32701679769e-10	5.52737500215e-09
5.34551303475e-10	-1.31862814001e-08
5.36400927182e-10	-1.8661998169e-08
5.38250550888e-10	-1.46383944966e-08
5.40100174595e-10	-7.08274416894e-09
5.41949798301e-10	-5.92226157003e-10
5.43799422008e-10	2.92811352942e-09
5.45649045714e-10	3.79183573429e-09
5.47498669421e-10	3.19663850945e-09
5.49348293127e-10	2.18837703514e-09
5.51197916834e-10	1.32513944262e-09
5.5304754054e-10	7.49002249112e-10
5.54897164246e-10	4.66568839119e-10
5.56746787953e-10	4.60285531911e-10
5.58596411659e-10	7.19909132307e-10
5.60446035366e-10	1.15631759723e-09
5.62295659072e-10	1.59878477124e-09
5.64145282779e-10	1.84988424579e-09
5.65994906485e-10	1.78160752817e-09
5.67844530192e-10	1.39509981345e-09
5.69694153898e-10	8.72227068349e-10
5.71543777605e-10	5.20173848439e-10
5.73393401311e-10	6.38747055248e-10
5.75243025018e-10	1.35304112359e-09
5.77092648724e-10	2.55201570987e-09
5.78942272431e-10	3.94325061492e-09
5.80791896137e-10	5.14272402441e-09
5.82641519844e-10	5.79220982289e-09
5.8449114355e-10	5.68655655897e-09
5.86340767257e-10	4.87331508481e-09
5.88190390963e-10	3.58596596861e-09
5.9004001467e-10	2.0007997481e-09
5.91889638376e-10	2.24007229432e-10
5.93739262083e-10	-1.69525393723e-09
5.95588885789e-10	-3.8007414993e-09
5.97438509495e-10	-5.93656768189e-09
5.99288133202e-10	-7.81224596125e-09
6.01137756908e-10	-9.01523389274e-09
6.02987380615e-10	-9.24515219936e-09
6.04837004321e-10	-8.6408187272e-09
6.06686628028e-10	-7.91563437019e-09
6.08536251734e-10	-8.40917202538e-09
6.10385875441e-10	-1.168072572e-08
6.12235499147e-10	-1.88134556822e-08
6.14085122854e-10	-2.94474595819e-08
6.1593474656e-10	-4.09079348174e-08
6.17784370267e-10	-4.79077719717e-08
6.19633993973e-10	-4.34978026931e-08
6.2148361768e-10	-2.14663185005e-08
6.23333241386e-10	2.03131946819e-08
6.25182865093e-10	7.68437402598e-08
6.27032488799e-10	1.35025899795e-07
6.28882112506e-10	1.75954028236e-07
6.30731736212e-10	1.8101184196e-07
6.32581359919e-10	1.40129898796e-07
6.34430983625e-10	5.83067887305e-08
6.36280607332e-10	-4.34689688689e-08
6.38130231038e-10	-1.34148876896e-07
6.39979854745e-10	-1.84328598607e-07
6.41829478451e-10	-1.78842029186e-07
6.43679102157e-10	-1.23284834785e-07
6.45528725864e-10	-4.15925569541e-08
6.4737834957e-10	3.47643194232e-08
6.49227973277e-10	8.08177844647e-08
6.51077596983e-10	8.74326531175e-08
6.5292722069e-10	6.27741059134e-08
6.54776844396e-10	2.51031284648e-08
6.56626468103e-10	-7.26608817558e-09
6.58476091809e-10	-2.40093527282e-08
6.60325715516e-10	-2.46870666132e-08
6.62175339222e-10	-1.57166812897e-08
6.64024962929e-10	-4.87150275674e-09
6.65874586635e-10	2.64810795514e-09
6.67724210342e-10	5.50637624386e-09
6.69573834048e-10	5.02549157844e-09
6.71423457755e-10	3.24867066581e-09
6.73273081461e-10	1.62574487206e-09
6.75122705168e-10	6.67784327835e-10
6.76972328874e-10	2.8641253258e-10
6.78821952581e-10	2.851643921e-10
6.80671576287e-10	5.3387433363e-10
6.82521199994e-10	9.74314739999e-10
6.843708237e-10	1.50296830537e-09
6.86220447406e-10	1.94174010204e-09
6.88070071113e-10	2.10188177974e-09
6.89919694819e-10	1.87627002823e-09
6.91769318526e-10	1.34327238221e-09
6.93618942232e-10	7.58360152453e-10
6.95468565939e-10	4.68633465367e-10
6.97318189645e-10	7.57164220211e-10
6.99167813352e-10	1.71887615252e-09
7.01017437058e-10	3.1575990711e-09
7.02867060765e-10	4.66389504794e-09
7.04716684471e-10	5.7503566353e-09
7.06566308178e-10	6.07468075842e-09
7.08415931884e-10	5.48222800489e-09
7.10265555591e-10	4.07905265121e-09
7.12115179297e-10	2.16537254794e-09
7.13964803004e-10	8.22121051791e-11
7.1581442671e-10	-1.96711247291e-09
7.17664050417e-10	-3.94192456454e-09
7.19513674123e-10	-5.82592241116e-09
7.2136329783e-10	-7.52826245787e-09
7.23212921536e-10	-8.8996916503e-09
7.25062545243e-10	-9.71179314746e-09
7.26912168949e-10	-9.8800656545e-09
7.28761792656e-10	-9.73060121368e-09
7.30611416362e-10	-9.98865168356e-09
7.32461040068e-10	-1.17198037941e-08
7.34310663775e-10	-1.58461883615e-08
7.36160287481e-10	-2.24746088406e-08
7.38009911188e-10	-3.02430116506e-08
7.39859534894e-10	-3.58494958164e-08
7.41709158601e-10	-3.44029231769e-08
7.43558782307e-10	-2.06406483017e-08
7.45408406014e-10	8.73459526929e-09
7.4725802972e-10	5.24947552094e-08
7.49107653427e-10	1.02968805038e-07
7.50957277133e-10	1.46452634908e-07
7.5280690084e-10	1.66487652109e-07
7.54656524546e-10	1.49736521848e-07
7.56506148253e-10	9.24958598603e-08
7.58355771959e-10	5.0146358177e-09
7.60205395666e-10	-8.94387213179e-08
7.62055019372e-10	-1.61771737339e-07
7.63904643079e-10	-1.88212396779e-07
7.65754266785e-10	-1.60454987963e-07
7.67603890492e-10	-9.00258569914e-08
7.69453514198e-10	-4.03547772976e-09
7.71303137905e-10	6.65572699177e-08
7.73152761611e-10	1.00064411868e-07
7.75002385317e-10	9.21193716863e-08
7.76852009024e-10	5.53728725095e-08
7.7870163273e-10	1.10969766709e-08
7.80551256437e-10	-2.18230109539e-08
7.82400880143e-10	-3.43895720789e-08
7.8425050385e-10	-2.8974930899e-08
7.86100127556e-10	-1.46303396065e-08
7.87949751263e-10	-8.78219941214e-10
7.89799374969e-10	6.90158508121e-09
7.91648998676e-10	8.28528534669e-09
7.93498622382e-10	5.90158233393e-09
7.95348246089e-10	2.76664890997e-09
7.97197869795e-10	6.56620091632e-10
7.99047493502e-10	-1.36695474384e-10
8.00897117208e-10	-6.6655729547e-11
8.02746740915e-10	3.35226568726e-10
8.04596364621e-10	8.36900049261e-10
8.06445988328e-10	1.37017253099e-09
8.08295612034e-10	1.87753657066e-09
8.10145235741e-10	2.21971863112e-09
8.11994859447e-10	2.22244445069e-09
8.13844483154e-10	1.83908333007e-09
8.1569410686e-10	1.20898224765e-09
8.17543730567e-10	6.42470687762e-10
8.19393354273e-10	5.01648111939e-10
8.21242977979e-10	1.03783981409e-09
8.23092601686e-10	2.24798846205e-09
8.24942225392e-10	3.84132947673e-09
8.26791849099e-10	5.32003197051e-09
8.28641472805e-10	6.15403683568e-09
8.30491096512e-10	5.99461458251e-09
8.32340720218e-10	4.78453676678e-09
8.34190343925e-10	2.76164868751e-09
8.36039967631e-10	3.23777837874e-10
8.37889591338e-10	-2.12103223873e-09
8.39739215044e-10	-4.2800469835e-09
8.41588838751e-10	-6.08356076626e-09
8.43438462457e-10	-7.58533058587e-09
8.45288086164e-10	-8.83564776899e-09
8.4713770987e-10	-9.77389991164e-09
8.48987333577e-10	-1.03418580366e-08
8.50836957283e-10	-1.06282094237e-08
8.5268658099e-10	-1.0956357599e-08
8.54536204696e-10	-1.19105285634e-08
8.56385828403e-10	-1.41832288136e-08
8.58235452109e-10	-1.80343064926e-08
8.60085075816e-10	-2.28175949246e-08
8.61934699522e-10	-2.65678661293e-08
8.63784323228e-10	-2.59377017642e-08
8.65633946935e-10	-1.69206941791e-08
8.67483570641e-10	3.77399311802e-09
8.69333194348e-10	3.67692933878e-08
8.71182818054e-10	7.81498528113e-08
8.73032441761e-10	1.18798837434e-07
8.74882065467e-10	1.45684680319e-07
8.76731689174e-10	1.45624582615e-07
8.7858131288e-10	1.10576074519e-07
8.80430936587e-10	4.26037907175e-08
8.82280560293e-10	-4.40828031856e-08
8.84130184e-10	-1.25733507161e-07
8.85979807706e-10	-1.76655689188e-07
8.87829431413e-10	-1.79201308015e-07
8.89679055119e-10	-1.31960121053e-07
8.91528678826e-10	-5.15833171733e-08
8.93378302532e-10	3.32748264498e-08
8.95227926239e-10	9.35917157108e-08
8.97077549945e-10	1.11970976491e-07
8.98927173652e-10	8.92467113545e-08
9.00776797358e-10	4.21735109057e-08
9.02626421065e-10	-6.03082517259e-09
9.04476044771e-10	-3.67450176952e-08
9.06325668477e-10	-4.32044515719e-08
9.08175292184e-10	-3.07869605365e-08
9.1002491589e-10	-1.11828093452e-08
9.11874539597e-10	4.76469974586e-09
9.13724163303e-10	1.18214309452e-08
9.1557378701e-10	1.09141984339e-08
9.17423410716e-10	6.15130657522e-09
9.19273034423e-10	1.61380642183e-09
9.21122658129e-10	-7.46504025262e-10
9.22972281836e-10	-1.02535380186e-09
9.24821905542e-10	-2.5542559734e-10
9.26671529249e-10	6.45882403116e-10
9.28521152955e-10	1.3361601825e-09
9.30370776662e-10	1.82551063155e-09
9.32220400368e-10	2.19090456888e-09
9.34070024075e-10	2.34987740377e-09
9.35919647781e-10	2.18582019151e-09
9.37769271488e-10	1.68735048156e-09
9.39618895194e-10	1.03124464523e-09
9.41468518901e-10	5.75632597144e-10
9.43318142607e-10	6.56416754286e-10
9.45167766314e-10	1.45770862048e-09
9.4701739002e-10	2.87558310497e-09
9.48867013727e-10	4.50512738226e-09
9.50716637433e-10	5.79579273463e-09
9.52566261139e-10	6.20623596959e-09
9.54415884846e-10	5.45091527471e-09
9.56265508552e-10	3.57669027728e-09
9.58115132259e-10	9.55028056637e-10
9.59964755965e-10	-1.88662596656e-09
9.61814379672e-10	-4.48029213729e-09
9.63664003378e-10	-6.53711529353e-09
9.65513627085e-10	-8.02053268245e-09
9.67363250791e-10	-9.04607500019e-09
9.69212874498e-10	-9.80901315728e-09
9.71062498204e-10	-1.04008135438e-08
9.72912121911e-10	-1.08619975236e-08
9.74761745617e-10	-1.12862608148e-08
9.76611369324e-10	-1.19329897075e-08
9.7846099303e-10	-1.31615829346e-08
9.80310616737e-10	-1.51870374054e-08
9.82160240443e-10	-1.77404828605e-08
9.8400986415e-10	-1.97005611824e-08
9.85859487856e-10	-1.88880839858e-08
9.87709111563e-10	-1.2377848968e-08
9.89558735269e-10	2.60172572375e-09
9.91408358976e-10	2.73883440371e-08
9.93257982682e-10	6.02963581287e-08
9.95107606388e-10	9.56189722956e-08
9.96957230095e-10	1.23851577882e-07
9.98806853801e-10	1.33671406388e-07
1.00065647751e-09	1.15704736459e-07
1.00250610121e-09	6.69739179671e-08
1.00435572492e-09	-5.78280534569e-09
1.00620534863e-09	-8.58256541392e-08
1.00805497233e-09	-1.50424028789e-07
1.00990459604e-09	-1.78383785965e-07
1.01175421975e-09	-1.58632929015e-07
1.01360384345e-09	-9.60179846743e-08
1.01545346716e-09	-1.10208775439e-08
1.01730309087e-09	6.74813165347e-08
1.01915271457e-09	1.13739893948e-07
1.02100233828e-09	1.15633461917e-07
1.02285196199e-09	7.9073195991e-08
1.02470158569e-09	2.41867077477e-08
1.0265512094e-09	-2.47754723404e-08
1.02840083311e-09	-5.05790609395e-08
1.03025045681e-09	-4.9376147615e-08
1.03210008052e-09	-2.9608305141e-08
1.03394970422e-09	-5.3295683422e-09
1.03579932793e-09	1.17074572259e-08
1.03764895164e-09	1.69839502462e-08
1.03949857534e-09	1.30029293999e-08
1.04134819905e-09	5.55508039568e-09
1.04319782276e-09	-2.89921808783e-10
1.04504744646e-09	-2.53374188297e-09
1.04689707017e-09	-1.91238136438e-09
1.04874669388e-09	-1.85405010789e-10
1.05059631758e-09	1.25118793104e-09
1.05244594129e-09	2.01136152178e-09
1.054295565e-09	2.29352115078e-09
1.0561451887e-09	2.37060882036e-09
1.05799481241e-09	2.30666663548e-09
1.05984443612e-09	2.00358263314e-09
1.06169405982e-09	1.46670486867e-09
1.06354368353e-09	8.81338446668e-10
1.06539330723e-09	6.10436590165e-10
1.06724293094e-09	9.46130063184e-10
1.06909255465e-09	1.99326444239e-09
1.07094217835e-09	3.51758511208e-09
1.07279180206e-09	5.04544317437e-09
1.07464142577e-09	5.97674665315e-09
1.07649104947e-09	5.82152059891e-09
1.07834067318e-09	4.39366010241e-09
1.08019029689e-09	1.87343096592e-09
1.08203992059e-09	-1.23504606542e-09
1.0838895443e-09	-4.31120206201e-09
1.08573916801e-09	-6.84997614186e-09
1.08758879171e-09	-8.59394422292e-09
1.08943841542e-09	-9.60565849084e-09
1.09128803913e-09	-1.01166106603e-08
1.09313766283e-09	-1.04166169024e-08
1.09498728654e-09	-1.07121245208e-08
1.09683691024e-09	-1.10956959176e-08
1.09868653395e-09	-1.16091740665e-08
1.10053615766e-09	-1.23006591579e-08
1.10238578136e-09	-1.32504638373e-08
1.10423540507e-09	-1.42940859149e-08
1.10608502878e-09	-1.47878278511e-08
1.10793465248e-09	-1.33620963183e-08
1.10978427619e-09	-8.04972799529e-09
1.1116338999e-09	3.31976401924e-09
1.1134835236e-09	2.21785505516e-08
1.11533314731e-09	4.80548401072e-08
1.11718277102e-09	7.75300037503e-08
1.11903239472e-09	1.03997905399e-07
1.12088201843e-09	1.18515188774e-07
1.12273164214e-09	1.12192481083e-07
1.12458126584e-09	7.96606087761e-08
1.12643088955e-09	2.24312088903e-08
1.12828051325e-09	-4.92638925209e-08
1.13013013696e-09	-1.17713739201e-07
1.13197976067e-09	-1.62508541734e-07
1.13382938437e-09	-1.67671203144e-07
1.13567900808e-09	-1.2860171239e-07
1.13752863179e-09	-5.55912045286e-08
1.13937825549e-09	2.8467773916e-08
1.1412278792e-09	9.60157606755e-08
1.14307750291e-09	1.25636915982e-07
1.14492712661e-09	1.10829184052e-07
1.14677675032e-09	6.23795841648e-08
1.14862637403e-09	2.9481868058e-09
1.15047599773e-09	-4.34759499512e-08
1.15232562144e-09	-6.19925657475e-08
1.15417524515e-09	-5.20396312709e-08
1.15602486885e-09	-2.51636915749e-08
1.15787449256e-09	2.64834354446e-09
1.15972411627e-09	1.94624991678e-08
1.16157373997e-09	2.18623856796e-08
1.16342336368e-09	1.41669813658e-08
1.16527298738e-09	3.93939592058e-09
1.16712261109e-09	-2.92408763869e-09
1.1689722348e-09	-4.61693483444e-09
1.1708218585e-09	-2.66788657832e-09
1.17267148221e-09	2.29058411128e-10
1.17452110592e-09	2.18533258156e-09
1.17637072962e-09	2.84139245466e-09
1.17822035333e-09	2.70541855585e-09
1.18006997704e-09	2.37033037642e-09
1.18191960074e-09	2.07072980984e-09
1.18376922445e-09	1.70694414159e-09
1.18561884816e-09	1.23886778614e-09
1.18746847186e-09	8.27460988617e-10
1.18931809557e-09	7.77769626481e-10
1.19116771928e-09	1.36503908177e-09
1.19301734298e-09	2.57298715667e-09
1.19486696669e-09	4.08674738495e-09
1.19671659039e-09	5.34543342923e-09
1.1985662141e-09	5.76869085833e-09
1.20041583781e-09	4.94643437321e-09
1.20226546151e-09	2.83275292112e-09
1.20411508522e-09	-2.50400256085e-10
1.20596470893e-09	-3.6791456548e-09
1.20781433263e-09	-6.77967681995e-09
1.20966395634e-09	-9.04452868156e-09
1.21151358005e-09	-1.0310851728e-08
1.21336320375e-09	-1.07371160851e-08
1.21521282746e-09	-1.06990372117e-08
1.21706245117e-09	-1.05771240655e-08
1.21891207487e-09	-1.06192468152e-08
1.22076169858e-09	-1.08872066917e-08
1.22261132229e-09	-1.13091278564e-08
1.22446094599e-09	-1.17140457334e-08
1.2263105697e-09	-1.18671623639e-08
1.2281601934e-09	-1.13238316501e-08
1.23000981711e-09	-9.26881416063e-09
1.23185944082e-09	-4.41392389305e-09
1.23370906452e-09	4.78187134334e-09
1.23555868823e-09	1.95304838968e-08
1.23740831194e-09	3.99162338738e-08
1.23925793564e-09	6.40046238232e-08
1.24110755935e-09	8.73423005032e-08
1.24295718306e-09	1.03190835432e-07
1.24480680676e-09	1.03966158349e-07
1.24665643047e-09	8.36487998868e-08
1.24850605418e-09	4.06988824864e-08
1.25035567788e-09	-1.96829503807e-08
1.25220530159e-09	-8.5050643861e-08
1.2540549253e-09	-1.38155940022e-07
1.255904549e-09	-1.61974355706e-07
1.25775417271e-09	-1.46082683727e-07
1.25960379641e-09	-9.18624039059e-08
1.26145342012e-09	-1.38757174639e-08
1.26330304383e-09	6.40039203859e-08
1.26515266753e-09	1.16870481293e-07
1.26700229124e-09	1.28500857954e-07
1.26885191495e-09	9.80817276286e-08
1.27070153865e-09	4.05855224983e-08
1.27255116236e-09	-1.98261940199e-08
1.27440078607e-09	-6.04921552849e-08
1.27625040977e-09	-6.9745375697e-08
1.27810003348e-09	-5.06627486629e-08
1.27994965719e-09	-1.75712688844e-08
1.28179928089e-09	1.23144943132e-08
1.2836489046e-09	2.73868145939e-08
1.28549852831e-09	2.58531205333e-08
1.28734815201e-09	1.40914577784e-08
1.28919777572e-09	1.23441412647e-09
1.29104739943e-09	-6.22950802054e-09
1.29289702313e-09	-6.81887124543e-09
1.29474664684e-09	-3.15305581644e-09
1.29659627054e-09	1.05456421373e-09
1.29844589425e-09	3.45945094793e-09
1.30029551796e-09	3.79029962971e-09
1.30214514166e-09	3.00269920039e-09
1.30399476537e-09	2.15153139749e-09
1.30584438908e-09	1.64028768346e-09
1.30769401278e-09	1.33375899214e-09
1.30954363649e-09	1.07444242392e-09
1.3113932602e-09	9.06998420813e-10
1.3132428839e-09	1.09566145046e-09
1.31509250761e-09	1.86375270772e-09
1.31694213132e-09	3.11783887597e-09
1.31879175502e-09	4.46309167401e-09
1.32064137873e-09	5.31038635287e-09
1.32249100244e-09	5.10280084853e-09
1.32434062614e-09	3.57777363291e-09
1.32619024985e-09	8.21453682853e-10
1.32803987355e-09	-2.67293476242e-09
1.32988949726e-09	-6.21404083745e-09
1.33173912097e-09	-9.10381903196e-09
1.33358874467e-09	-1.08992814774e-08
1.33543836838e-09	-1.15359028996e-08
1.33728799209e-09	-1.13173452831e-08
1.33913761579e-09	-1.07255369031e-08
1.3409872395e-09	-1.02086721299e-08
1.34283686321e-09	-9.99949634206e-09
1.34468648691e-09	-1.00733741348e-08
1.34653611062e-09	-1.01736334912e-08
1.34838573433e-09	-9.92763382612e-09
1.35023535803e-09	-8.85204975987e-09
1.35208498174e-09	-6.35581987041e-09
1.35393460545e-09	-1.62766877754e-09
1.35578422915e-09	6.29194829571e-09
1.35763385286e-09	1.82891213285e-08
1.35948347656e-09	3.46107391636e-08
1.36133310027e-09	5.41753237826e-08
1.36318272398e-09	7.40235748253e-08
1.36503234768e-09	8.9278941573e-08
1.36688197139e-09	9.38545738904e-08
1.3687315951e-09	8.20467178642e-08
1.3705812188e-09	5.08186595027e-08
1.37243084251e-09	2.02035299601e-09
1.37428046622e-09	-5.63958622024e-08
1.37613008992e-09	-1.1111313114e-07
1.37797971363e-09	-1.46536663692e-07
1.37982933734e-09	-1.49760523982e-07
1.38167896104e-09	-1.15902565767e-07
1.38352858475e-09	-5.15017717362e-08
1.38537820846e-09	2.59808068392e-08
1.38722783216e-09	9.31115948788e-08
1.38907745587e-09	1.28754095385e-07
1.39092707958e-09	1.22336956565e-07
1.39277670328e-09	7.84812357324e-08
1.39462632699e-09	1.54821133691e-08
1.39647595069e-09	-4.22079367013e-08
1.3983255744e-09	-7.43219032984e-08
1.40017519811e-09	-7.30016296302e-08
1.40202482181e-09	-4.50531985052e-08
1.40387444552e-09	-7.17800796579e-09
1.40572406923e-09	2.2921428311e-08
1.40757369293e-09	3.47442181692e-08
1.40942331664e-09	2.84634449343e-08
1.41127294035e-09	1.25050982902e-08
1.41312256405e-09	-2.58424193156e-09
1.41497218776e-09	-9.97815874371e-09
1.41682181147e-09	-8.93954155146e-09
1.41867143517e-09	-3.24193560886e-09
1.42052105888e-09	2.36405650611e-09
1.42237068259e-09	5.06252728627e-09
1.42422030629e-09	4.78431294582e-09
1.42606993e-09	3.1438587289e-09
1.4279195537e-09	1.68503466735e-09
1.42976917741e-09	1.01686081777e-09
1.43161880112e-09	9.29822385753e-10
1.43346842482e-09	1.02047292838e-09
1.43531804853e-09	1.1509695419e-09
1.43716767224e-09	1.54352908233e-09
1.43901729594e-09	2.3721626885e-09
1.44086691965e-09	3.51525031306e-09
1.44271654336e-09	4.54660131766e-09
1.44456616706e-09	4.84985429594e-09
1.44641579077e-09	3.95849308887e-09
1.44826541448e-09	1.74793723939e-09
1.45011503818e-09	-1.52590640123e-09
1.45196466189e-09	-5.2420650043e-09
1.4538142856e-09	-8.65096350111e-09
1.4556639093e-09	-1.11036531081e-08
1.45751353301e-09	-1.22438343908e-08
1.45936315671e-09	-1.21580194801e-08
1.46121278042e-09	-1.12618607773e-08
1.46306240413e-09	-1.01340784653e-08
1.46491202783e-09	-9.24026277715e-09
1.46676165154e-09	-8.75619310392e-09
1.46861127525e-09	-8.50543280251e-09
1.47046089895e-09	-8.05938515924e-09
1.47231052266e-09	-6.84538914442e-09
1.47416014637e-09	-4.25838386775e-09
1.47600977007e-09	3.11281750376e-10
1.47785939378e-09	7.4576522735e-09
1.47970901749e-09	1.76835968091e-08
1.48155864119e-09	3.11198000702e-08
1.4834082649e-09	4.71119463441e-08
1.48525788861e-09	6.37052011143e-08
1.48710751231e-09	7.74412711735e-08
1.48895713602e-09	8.36112192815e-08
1.49080675972e-09	7.7312989788e-08
1.49265638343e-09	5.50447438741e-08
1.49450600714e-09	1.66174576322e-08
1.49635563084e-09	-3.33911387429e-08
1.49820525455e-09	-8.53744310803e-08
1.50005487826e-09	-1.26293031144e-07
1.50190450196e-09	-1.43176009715e-07
1.50375412567e-09	-1.2763787538e-07
1.50560374938e-09	-7.99395394324e-08
1.50745337308e-09	-1.06880460038e-08
1.50930299679e-09	6.11406250073e-08
1.5111526205e-09	1.13924890854e-07
1.5130022442e-09	1.31115697855e-07
1.51485186791e-09	1.07874321031e-07
1.51670149162e-09	5.36732507328e-08
1.51855111532e-09	-1.09215623212e-08
1.52040073903e-09	-6.23581684067e-08
1.52225036274e-09	-8.36833251583e-08
1.52409998644e-09	-7.12765455546e-08
1.52594961015e-09	-3.54542422087e-08
1.52779923385e-09	5.34148991704e-09
1.52964885756e-09	3.36669856438e-08
1.53149848127e-09	4.07824956028e-08
1.53334810497e-09	2.92003790037e-08
1.53519772868e-09	9.2984731026e-09
1.53704735239e-09	-7.3502532949e-09
1.53889697609e-09	-1.39614311223e-08
1.5407465998e-09	-1.07309814368e-08
1.54259622351e-09	-2.75835132513e-09
1.54444584721e-09	4.16678558324e-09
1.54629547092e-09	6.9147843007e-09
1.54814509463e-09	5.7871223369e-09
1.54999471833e-09	3.06821124063e-09
1.55184434204e-09	9.38957467334e-10
1.55369396575e-09	2.33761288104e-10
1.55554358945e-09	5.37231648057e-10
1.55739321316e-09	1.09548814464e-09
1.55924283686e-09	1.57701407488e-09
1.56109246057e-09	2.07475547853e-09
1.56294208428e-09	2.79315859331e-09
1.56479170798e-09	3.66438301924e-09
1.56664133169e-09	4.2352517049e-09
1.5684909554e-09	3.92113896908e-09
1.5703405791e-09	2.35692221295e-09
1.57219020281e-09	-4.49461329266e-10
1.57403982652e-09	-4.06568734235e-09
1.57588945022e-09	-7.76526931645e-09
1.57773907393e-09	-1.08031121826e-08
1.57958869764e-09	-1.25987682509e-08
1.58143832134e-09	-1.29478809896e-08
1.58328794505e-09	-1.20765077938e-08
1.58513756876e-09	-1.05127861971e-08
1.58698719246e-09	-8.88295037527e-09
1.58883681617e-09	-7.62730234527e-09
1.59068643987e-09	-6.81086387289e-09
1.59253606358e-09	-6.10991879313e-09
1.59438568729e-09	-4.91444085426e-09
1.59623531099e-09	-2.52762499819e-09
1.5980849347e-09	1.66904956522e-09
1.59993455841e-09	8.14746936584e-09
1.60178418211e-09	1.71555658568e-08
1.60363380582e-09	2.86317956011e-08
1.60548342953e-09	4.20004866442e-08
1.60733305323e-09	5.58638326709e-08
1.60918267694e-09	6.77651073033e-08
1.61103230065e-09	7.42105257245e-08
1.61288192435e-09	7.12146004389e-08
1.61473154806e-09	5.54022214772e-08
1.61658117177e-09	2.55254679615e-08
1.61843079547e-09	-1.61377808894e-08
1.62028041918e-09	-6.30491854281e-08
1.62213004288e-09	-1.05017264218e-07
1.62397966659e-09	-1.30329894432e-07
1.6258292903e-09	-1.2928056492e-07
1.627678914e-09	-9.80075611778e-08
1.62952853771e-09	-4.12464231658e-08
1.63137816142e-09	2.75365508173e-08
1.63322778512e-09	8.92895428706e-08
1.63507740883e-09	1.25321705013e-07
1.63692703254e-09	1.24156201764e-07
1.63877665624e-09	8.64641407361e-08
1.64062627995e-09	2.5686768268e-08
1.64247590366e-09	-3.65368038047e-08
1.64432552736e-09	-7.86390828011e-08
1.64617515107e-09	-8.76995898125e-08
1.64802477478e-09	-6.44960067575e-08
1.64987439848e-09	-2.24397922466e-08
1.65172402219e-09	1.90601276984e-08
1.6535736459e-09	4.36307665552e-08
1.6554232696e-09	4.48560051325e-08
1.65727289331e-09	2.77458411801e-08
1.65912251701e-09	4.45995329557e-09
1.66097214072e-09	-1.28164154845e-08
1.66282176443e-09	-1.78208132695e-08
1.66467138813e-09	-1.19479457439e-08
1.66652101184e-09	-1.60765845081e-09
1.66837063555e-09	6.47193809655e-09
1.67022025925e-09	8.95455976035e-09
1.67206988296e-09	6.67087984851e-09
1.67391950667e-09	2.73038947007e-09
1.67576913037e-09	-5.9447648193e-11
1.67761875408e-09	-6.96376789566e-10
1.67946837779e-09	1.66755997899e-10
1.68131800149e-09	1.34586253253e-09
1.6831676252e-09	2.15087259114e-09
1.68501724891e-09	2.61720489725e-09
1.68686687261e-09	3.04886094149e-09
1.68871649632e-09	3.45796324908e-09
1.69056612002e-09	3.45595263518e-09
1.69241574373e-09	2.53150500562e-09
1.69426536744e-09	3.67475744278e-10
1.69611499114e-09	-2.87587864634e-09
1.69796461485e-09	-6.6069882898e-09
1.69981423856e-09	-1.00484545129e-08
1.70166386226e-09	-1.24767769449e-08
1.70351348597e-09	-1.3438975266e-08
1.70536310968e-09	-1.29015598205e-08
1.70721273338e-09	-1.12342846137e-08
1.70906235709e-09	-9.04044750172e-09
1.7109119808e-09	-6.96022706137e-09
1.7127616045e-09	-5.35043387373e-09
1.71461122821e-09	-4.14919165692e-09
1.71646085192e-09	-2.88118862102e-09
1.71831047562e-09	-8.06061384306e-10
1.72016009933e-09	2.81493672816e-09
1.72200972303e-09	8.50856185508e-09
1.72385934674e-09	1.64811400083e-08
1.72570897045e-09	2.65413824252e-08
1.72755859415e-09	3.80623674801e-08
1.72940821786e-09	4.98696230977e-08
1.73125784157e-09	6.00830247777e-08
1.73310746527e-09	6.61170602712e-08
1.73495708898e-09	6.48853273333e-08
1.73680671269e-09	5.34885415959e-08
1.73865633639e-09	3.02749292302e-08
1.7405059601e-09	-3.92994925491e-09
1.74235558381e-09	-4.49235670885e-08
1.74420520751e-09	-8.5086689694e-08
1.74605483122e-09	-1.14580714694e-07
1.74790445493e-09	-1.23833928001e-07
1.74975407863e-09	-1.06748160533e-07
1.75160370234e-09	-6.36865493675e-08
1.75345332604e-09	-2.91202018055e-09
1.75530294975e-09	6.05334093962e-08
1.75715257346e-09	1.08782039376e-07
1.75900219716e-09	1.26950922663e-07
1.76085182087e-09	1.08810226607e-07
1.76270144458e-09	5.99607190566e-08
1.76455106828e-09	-3.27328475436e-09
1.76640069199e-09	-5.93754485578e-08
1.7682503157e-09	-8.97364955676e-08
1.7700999394e-09	-8.59482511828e-08
1.77194956311e-09	-5.30293782219e-08
1.77379918682e-09	-6.89343471194e-09
1.77564881052e-09	3.29213420969e-08
1.77749843423e-09	5.19025675771e-08
1.77934805794e-09	4.64182363658e-08
1.78119768164e-09	2.39693402904e-08
1.78304730535e-09	-1.81986736791e-09
1.78489692906e-09	-1.86512281175e-08
1.78674655276e-09	-2.1205766032e-08
1.78859617647e-09	-1.23164181076e-08
1.79044580017e-09	2.99621022437e-10
1.79229542388e-09	9.19459797188e-09
1.79414504759e-09	1.10660778319e-08
1.79599467129e-09	7.3596946315e-09
1.797844295e-09	2.0744377327e-09
1.79969391871e-09	-1.32184518886e-09
1.80154354241e-09	-1.71879566135e-09
1.80339316612e-09	-1.37486605434e-10
1.80524278983e-09	1.73308933871e-09
1.80709241353e-09	2.83539502988e-09
1.80894203724e-09	3.11927594865e-09
1.81079166095e-09	3.03087888121e-09
1.81264128465e-09	2.81350409637e-09
1.81449090836e-09	2.20333262746e-09
1.81634053207e-09	7.14066417107e-10
1.81819015577e-09	-1.89114213178e-09
1.82003977948e-09	-5.33785859957e-09
1.82188940318e-09	-8.94909746307e-09
1.82373902689e-09	-1.18945413519e-08
1.8255886506e-09	-1.35030395754e-08
1.8274382743e-09	-1.35061615225e-08
1.82928789801e-09	-1.20449303864e-08
1.83113752172e-09	-9.60448787168e-09
1.83298714542e-09	-6.85825352065e-09
1.83483676913e-09	-4.38669989222e-09
1.83668639284e-09	-2.43686604229e-09
1.83853601654e-09	-8.14363243506e-10
1.84038564025e-09	1.08904951723e-09
1.84223526396e-09	4.07982847506e-09
1.84408488766e-09	8.83727224732e-09
1.84593451137e-09	1.57118797972e-08
1.84778413508e-09	2.45539588661e-08
1.84963375878e-09	3.47077993013e-08
1.85148338249e-09	4.50474928471e-08
1.85333300619e-09	5.39699414048e-08
1.8551826299e-09	5.94261599929e-08
1.85703225361e-09	5.90487054808e-08
1.85888187731e-09	5.05072250689e-08
1.86073150102e-09	3.22137481135e-08
1.86258112473e-09	4.21926760197e-09
1.86443074843e-09	-3.09200238746e-08
1.86628037214e-09	-6.77290614703e-08
1.86812999585e-09	-9.83560894952e-08
1.86997961955e-09	-1.14152165054e-07
1.87182924326e-09	-1.0819077545e-07
1.87367886697e-09	-7.80139117751e-08
1.87552849067e-09	-2.76346003858e-08
1.87737811438e-09	3.22124300567e-08
1.87922773809e-09	8.62021494186e-08
1.88107736179e-09	1.18733261445e-07
1.8829269855e-09	1.19253115827e-07
1.8847766092e-09	8.66136673494e-08
1.88662623291e-09	3.05335277062e-08
1.88847585662e-09	-3.09784731201e-08
1.89032548032e-09	-7.7716663327e-08
1.89217510403e-09	-9.47872109691e-08
1.89402472774e-09	-7.84685951771e-08
1.89587435144e-09	-3.76405608904e-08
1.89772397515e-09	1.00471302389e-08
1.89957359886e-09	4.58159803429e-08
1.90142322256e-09	5.76880481162e-08
1.90327284627e-09	4.50962183152e-08
1.90512246998e-09	1.79332104722e-08
1.90697209368e-09	-9.19566289781e-09
1.90882171739e-09	-2.44164937158e-08
1.9106713411e-09	-2.37577992834e-08
1.9125209648e-09	-1.16363159108e-08
1.91437058851e-09	3.00098768058e-09
1.91622021222e-09	1.22483942988e-08
1.91806983592e-09	1.30775763552e-08
1.91991945963e-09	7.73176367375e-09
1.92176908333e-09	1.08324083037e-09
1.92361870704e-09	-2.82050205413e-09
1.92546833075e-09	-2.81606293839e-09
1.92731795445e-09	-3.52879309107e-10
1.92916757816e-09	2.25582197366e-09
1.93101720187e-09	3.56048057704e-09
1.93286682557e-09	3.4812446259e-09
1.93471644928e-09	2.68916133805e-09
1.93656607299e-09	1.70377878472e-09
1.93841569669e-09	4.71990002637e-10
1.9402653204e-09	-1.43001388508e-09
1.94211494411e-09	-4.23792334558e-09
1.94396456781e-09	-7.6447310704e-09
1.94581419152e-09	-1.08808606569e-08
1.94766381523e-09	-1.31059207931e-08
1.94951343893e-09	-1.37598865635e-08
1.95136306264e-09	-1.27343149359e-08
1.95321268634e-09	-1.03465023216e-08
1.95506231005e-09	-7.2190862177e-09
1.95691193376e-09	-4.01807964678e-09
1.95876155746e-09	-1.22497001431e-09
1.96061118117e-09	1.0280983842e-09
1.96246080488e-09	3.0784812477e-09
1.96431042858e-09	5.62388491332e-09
1.96616005229e-09	9.44067402031e-09
1.968009676e-09	1.5094304473e-08
1.9698592997e-09	2.26586163166e-08
1.97170892341e-09	3.16040456028e-08
1.97355854712e-09	4.08499722937e-08
1.97540817082e-09	4.88885341099e-08
1.97725779453e-09	5.39142561706e-08
1.97910741824e-09	5.40005551386e-08
1.98095704194e-09	4.73106425147e-08
1.98280666565e-09	3.25082893937e-08
1.98465628935e-09	9.36859123613e-09
1.98650591306e-09	-2.05462633573e-08
1.98835553677e-09	-5.34026547427e-08
1.99020516047e-09	-8.31619999531e-08
1.99205478418e-09	-1.02501374499e-07
1.99390440789e-09	-1.04584316318e-07
1.99575403159e-09	-8.5384968429e-08
1.9976036553e-09	-4.58151632188e-08
1.99945327901e-09	7.24863413737e-09
2.00130290271e-09	6.17224387156e-08
2.00315252642e-09	1.03147669961e-07
2.00500215013e-09	1.19029650136e-07
2.00685177383e-09	1.03357415071e-07
2.00870139754e-09	5.95814668714e-08
2.01055102125e-09	5.02511032785e-10
2.01240064495e-09	-5.53924266455e-08
2.01425026866e-09	-9.02393253455e-08
2.01609989236e-09	-9.34153945309e-08
2.01794951607e-09	-6.57750831579e-08
2.01979913978e-09	-1.94338394266e-08
2.02164876348e-09	2.71174975808e-08
2.02349838719e-09	5.66731692686e-08
2.0253480109e-09	6.03529386467e-08
2.0271976346e-09	4.07673290681e-08
2.02904725831e-09	9.9015826649e-09
2.03089688202e-09	-1.71986549447e-08
2.03274650572e-09	-2.96250330933e-08
2.03459612943e-09	-2.51281626618e-08
2.03644575314e-09	-9.77965175508e-09
2.03829537684e-09	6.45497699736e-09
2.04014500055e-09	1.54856358847e-08
2.04199462426e-09	1.48303351821e-08
2.04384424796e-09	7.66074492731e-09
2.04569387167e-09	-2.83950724045e-10
2.04754349538e-09	-4.51093740139e-09
2.04939311908e-09	-3.92467658372e-09
2.05124274279e-09	-4.85056050881e-10
2.05309236649e-09	2.87072543514e-09
2.0549419902e-09	4.27387369939e-09
2.05679161391e-09	3.63665186853e-09
2.05864123761e-09	1.95533256253e-09
2.06049086132e-09	1.40773795398e-10
2.06234048503e-09	-1.64853253271e-09
2.06419010873e-09	-3.77178466238e-09
2.06603973244e-09	-6.49713882694e-09
2.06788935615e-09	-9.56085344228e-09
2.06973897985e-09	-1.21951790888e-08
2.07158860356e-09	-1.35511992738e-08
2.07343822727e-09	-1.31589645846e-08
2.07528785097e-09	-1.10925526542e-08
2.07713747468e-09	-7.85862308561e-09
2.07898709839e-09	-4.14937328941e-09
2.08083672209e-09	-6.03605387894e-10
2.0826863458e-09	2.40299802279e-09
2.0845359695e-09	4.90553153654e-09
2.08638559321e-09	7.354290954e-09
2.08823521692e-09	1.04513588894e-08
2.09008484062e-09	1.49030938701e-08
2.09193446433e-09	2.10732213901e-08
2.09378408804e-09	2.87159878098e-08
2.09563371174e-09	3.69462718197e-08
2.09748333545e-09	4.43447198961e-08
2.09933295916e-09	4.91796221525e-08
2.10118258286e-09	4.96966485741e-08
2.10303220657e-09	4.43404601924e-08
2.10488183028e-09	3.20378319429e-08
2.10673145398e-09	1.25549011187e-08
2.10858107769e-09	-1.30510260377e-08
2.1104307014e-09	-4.20411758739e-08
2.1122803251e-09	-6.98461661841e-08
2.11412994881e-09	-9.05247574678e-08
2.11597957251e-09	-9.79149419322e-08
2.11782919622e-09	-8.7389615544e-08
2.11967881993e-09	-5.78127341555e-08
2.12152844363e-09	-1.29514363678e-08
2.12337806734e-09	3.83641669544e-08
2.12522769105e-09	8.3799605477e-08
2.12707731475e-09	1.10739755144e-07
2.12892693846e-09	1.10317458279e-07
2.13077656217e-09	8.09635949395e-08
2.13262618587e-09	2.99918241353e-08
2.13447580958e-09	-2.7851882578e-08
2.13632543329e-09	-7.4795551086e-08
2.13817505699e-09	-9.61339949868e-08
2.1400246807e-09	-8.57734505644e-08
2.14187430441e-09	-4.8788994178e-08
2.14372392811e-09	2.63004618084e-10
2.14557355182e-09	4.30034496901e-08
2.14742317552e-09	6.45645172881e-08
2.14927279923e-09	5.95061351305e-08
2.15112242294e-09	3.35467049695e-08
2.15297204664e-09	3.27993188165e-10
2.15482167035e-09	-2.52476777263e-08
2.15667129406e-09	-3.37930110561e-08
2.15852091776e-09	-2.50357157228e-08
2.16037054147e-09	-6.68623556521e-09
2.16222016518e-09	1.05376773973e-08
2.16406978888e-09	1.87018009967e-08
2.16591941259e-09	1.61474673632e-08
2.1677690363e-09	7.04870473101e-09
2.16961866e-09	-2.05269090614e-09
2.17146828371e-09	-6.35293373463e-09
2.17331790742e-09	-4.98825780681e-09
2.17516753112e-09	-5.09594311193e-10
2.17701715483e-09	3.52893159139e-09
2.17886677854e-09	4.89247131696e-09
2.18071640224e-09	3.53469564729e-09
2.18256602595e-09	8.3554307917e-10
2.18441564965e-09	-1.83979265156e-09
2.18626527336e-09	-4.04455269276e-09
2.18811489707e-09	-6.11916117776e-09
2.18996452077e-09	-8.45964365226e-09
2.19181414448e-09	-1.08981579316e-08
2.19366376819e-09	-1.27153505503e-08
2.19551339189e-09	-1.31106459023e-08
2.1973630156e-09	-1.16800977779e-08
2.19921263931e-09	-8.63815241559e-09
2.20106226301e-09	-4.65671723404e-09
2.20291188672e-09	-5.10832043332e-10
2.20476151043e-09	3.23048054973e-09
2.20661113413e-09	6.34621555307e-09
2.20846075784e-09	9.01352414928e-09
2.21031038155e-09	1.17532241717e-08
2.21216000525e-09	1.52489647576e-08
2.21400962896e-09	2.00464835842e-08
2.21585925266e-09	2.62450239319e-08
2.21770887637e-09	3.33063070457e-08
2.21955850008e-09	4.00398008082e-08
2.22140812378e-09	4.47995063269e-08
2.22325774749e-09	4.58462814379e-08
2.2251073712e-09	4.16836627437e-08
2.2269569949e-09	3.13349950432e-08
2.22880661861e-09	1.46262166822e-08
2.23065624232e-09	-7.59105311943e-09
2.23250586602e-09	-3.32025038574e-08
2.23435548973e-09	-5.86849679962e-08
2.23620511344e-09	-7.93102046259e-08
2.23805473714e-09	-8.98199274957e-08
2.23990436085e-09	-8.56619877254e-08
2.24175398456e-09	-6.45753601702e-08
2.24360360826e-09	-2.80599206093e-08
2.24545323197e-09	1.79362320551e-08
2.24730285567e-09	6.35911732161e-08
2.24915247938e-09	9.73319416175e-08
2.25100210309e-09	1.09107922697e-07
2.25285172679e-09	9.38971354003e-08
2.2547013505e-09	5.41829159317e-08
2.25655097421e-09	2.13165346485e-10
2.25840059791e-09	-5.24923251533e-08
2.26025022162e-09	-8.79166321965e-08
2.26209984533e-09	-9.5127951738e-08
2.26394946903e-09	-7.25129609691e-08
2.26579909274e-09	-2.87797838894e-08
2.26764871645e-09	2.00062739708e-08
2.26949834015e-09	5.64838877892e-08
2.27134796386e-09	6.87689762913e-08
2.27319758757e-09	5.50257688303e-08
2.27504721127e-09	2.38052493273e-08
2.27689683498e-09	-1.01637684935e-08
2.27874645868e-09	-3.27249267684e-08
2.28059608239e-09	-3.64650531992e-08
2.2824457061e-09	-2.32912231724e-08
2.2842953298e-09	-2.40635755766e-09
2.28614495351e-09	1.50471937133e-08
2.28799457722e-09	2.16674145292e-08
2.28984420092e-09	1.68401612655e-08
2.29169382463e-09	5.81167869385e-09
2.29354344834e-09	-4.20975698745e-09
2.29539307204e-09	-8.29096169497e-09
2.29724269575e-09	-5.96035087952e-09
2.29909231946e-09	-4.08776124061e-10
2.30094194316e-09	4.19803836138e-09
2.30279156687e-09	5.34851141154e-09
2.30464119058e-09	3.13078274417e-09
2.30649081428e-09	-6.42907560522e-10
2.30834043799e-09	-4.12368894587e-09
2.3101900617e-09	-6.55828591434e-09
2.3120396854e-09	-8.28999358049e-09
2.31388930911e-09	-9.91129400774e-09
2.31573893281e-09	-1.14646931948e-08
2.31758855652e-09	-1.23330998747e-08
2.31943818023e-09	-1.17413785361e-08
2.32128780393e-09	-9.3423011549e-09
2.32313742764e-09	-5.46981304694e-09
2.32498705135e-09	-9.01172636514e-10
2.32683667505e-09	3.53394580266e-09
2.32868629876e-09	7.32014093785e-09
2.33053592247e-09	1.03999715506e-08
2.33238554617e-09	1.31072974696e-08
2.33423516988e-09	1.59992072923e-08
2.33608479359e-09	1.96558911369e-08
2.33793441729e-09	2.44242510661e-08
2.339784041e-09	3.01343021647e-08
2.34163366471e-09	3.59674281469e-08
2.34348328841e-09	4.05204296783e-08
2.34533291212e-09	4.21034833664e-08
2.34718253582e-09	3.91393903953e-08
2.34903215953e-09	3.05658183208e-08
2.35088178324e-09	1.61413602484e-08
2.35273140694e-09	-3.39486438961e-09
2.35458103065e-09	-2.6247503726e-08
2.35643065436e-09	-4.95281504698e-08
2.35828027806e-09	-6.93999240298e-08
2.36012990177e-09	-8.14978449171e-08
2.36197952548e-09	-8.17034688794e-08
2.36382914918e-09	-6.73410411878e-08
2.36567877289e-09	-3.84476734894e-08
2.3675283966e-09	1.30835986489e-09
2.3693780203e-09	4.45602665877e-08
2.37122764401e-09	8.14335265886e-08
2.37307726772e-09	1.01947016162e-07
2.37492689142e-09	9.90851134475e-08
2.37677651513e-09	7.15889640901e-08
2.37862613883e-09	2.53447343113e-08
2.38047576254e-09	-2.74956910573e-08
2.38232538625e-09	-7.17537531614e-08
2.38417500995e-09	-9.40346822631e-08
2.38602463366e-09	-8.74962466924e-08
2.38787425737e-09	-5.47142029461e-08
2.38972388107e-09	-7.23791604429e-09
2.39157350478e-09	3.83392944059e-08
2.39342312849e-09	6.65267450017e-08
2.39527275219e-09	6.8857623603e-08
2.3971223759e-09	4.70783128037e-08
2.39897199961e-09	1.21232055506e-08
2.40082162331e-09	-2.08326600415e-08
2.40267124702e-09	-3.89988450422e-08
2.40452087073e-09	-3.72838542262e-08
2.40637049443e-09	-1.98246024041e-08
2.40822011814e-09	2.90642687695e-09
2.41006974184e-09	1.97176621697e-08
2.41191936555e-09	2.41171633775e-08
2.41376898926e-09	1.67457994138e-08
2.41561861296e-09	3.89388299382e-09
2.41746823667e-09	-6.71869404556e-09
2.41931786038e-09	-1.02537063285e-08
2.42116748408e-09	-6.77786715642e-09
2.42301710779e-09	-1.78870057654e-10
2.4248667315e-09	4.84680695578e-09
2.4267163552e-09	5.60477397826e-09
2.42856597891e-09	2.41349007446e-09
2.43041560262e-09	-2.42715536558e-09
2.43226522632e-09	-6.56670673393e-09
2.43411485003e-09	-8.99065888404e-09
2.43596447374e-09	-1.00784802726e-08
2.43781409744e-09	-1.06782298559e-08
2.43966372115e-09	-1.1126596533e-08
2.44151334486e-09	-1.09724158648e-08
2.44336296856e-09	-9.46394607126e-09
2.44521259227e-09	-6.25569285262e-09
2.44706221597e-09	-1.73415604099e-09
2.44891183968e-09	3.22758308968e-09
2.45076146339e-09	7.76922348678e-09
2.45261108709e-09	1.14505827042e-08
2.4544607108e-09	1.43527536522e-08
2.45631033451e-09	1.69284266605e-08
2.45815995821e-09	1.97672544999e-08
2.46000958192e-09	2.33099584079e-08
2.46185920563e-09	2.76452336578e-08
2.46370882933e-09	3.23424487192e-08
2.46555845304e-09	3.6381983648e-08
2.46740807675e-09	3.8271842584e-08
2.46925770045e-09	3.64212482395e-08
2.47110732416e-09	2.95913924475e-08
2.47295694787e-09	1.73011986959e-08
2.47480657157e-09	7.18982928749e-11
2.47665619528e-09	-2.0518653443e-08
2.47850581898e-09	-4.19304591048e-08
2.48035544269e-09	-6.08803603086e-08
2.4822050664e-09	-7.36717638006e-08
2.4840546901e-09	-7.67251009393e-08
2.48590431381e-09	-6.73902249559e-08
2.48775393752e-09	-4.49295036731e-08
2.48960356122e-09	-1.13966054371e-08
2.49145318493e-09	2.795067644e-08
2.49330280864e-09	6.51404477026e-08
2.49515243234e-09	9.10859085934e-08
2.49700205605e-09	9.8003823723e-08
2.49885167976e-09	8.21020549324e-08
2.50070130346e-09	4.55472886074e-08
2.50255092717e-09	-3.19820414596e-09
2.50440055088e-09	-5.11512432411e-08
2.50625017458e-09	-8.44727239269e-08
2.50809979829e-09	-9.29998975607e-08
2.50994942199e-09	-7.40263672583e-08
2.5117990457e-09	-3.37866516986e-08
2.51364866941e-09	1.4245600255e-08
2.51549829311e-09	5.39315507808e-08
2.51734791682e-09	7.2358282921e-08
2.51919754053e-09	6.47250857355e-08
2.52104716423e-09	3.61174379293e-08
2.52289678794e-09	-7.3614025986e-10
2.52474641165e-09	-3.08993861609e-08
2.52659603535e-09	-4.34887823531e-08
2.52844565906e-09	-3.60015270928e-08
2.53029528277e-09	-1.47067895639e-08
2.53214490647e-09	8.98096708113e-09
2.53399453018e-09	2.42328841438e-08
2.53584415389e-09	2.57942254223e-08
2.53769377759e-09	1.57200208406e-08
2.5395434013e-09	1.28294952439e-09
2.541393025e-09	-9.50669498678e-09
2.54324264871e-09	-1.2149452111e-08
2.54509227242e-09	-7.38534167155e-09
2.54694189612e-09	1.97895866361e-10
2.54879151983e-09	5.45061418222e-09
2.55064114354e-09	5.63758817407e-09
2.55249076724e-09	1.40669775828e-09
2.55434039095e-09	-4.41736114354e-09
2.55619001466e-09	-9.00957974892e-09
2.55803963836e-09	-1.1133734823e-08
2.55988926207e-09	-1.12787885698e-08
2.56173888578e-09	-1.06143831502e-08
2.56358850948e-09	-9.81798553568e-09
2.56543813319e-09	-8.63923776961e-09
2.5672877569e-09	-6.35657082526e-09
2.5691373806e-09	-2.57146126614e-09
2.57098700431e-09	2.35574448837e-09
2.57283662802e-09	7.50331441424e-09
2.57468625172e-09	1.19762590955e-08
2.57653587543e-09	1.53891797083e-08
2.57838549913e-09	1.79509012099e-08
2.58023512284e-09	2.02180370223e-08
2.58208474655e-09	2.27610001957e-08
2.58393437025e-09	2.5865718456e-08
2.58578399396e-09	2.93768209758e-08
2.58763361767e-09	3.26162385988e-08
2.58948324137e-09	3.44292914178e-08
2.59133286508e-09	3.33959775389e-08
2.59318248879e-09	2.81786078915e-08
2.59503211249e-09	1.79918426824e-08
2.5968817362e-09	2.99943847537e-09
2.59873135991e-09	-1.5536821607e-08
2.60058098361e-09	-3.53596689706e-08
2.60243060732e-09	-5.34847117706e-08
2.60428023103e-09	-6.66018706852e-08
2.60612985473e-09	-7.15425230169e-08
2.60797947844e-09	-6.58639649487e-08
2.60982910214e-09	-4.85221605118e-08
2.61167872585e-09	-2.05838333045e-08
2.61352834956e-09	1.42913050283e-08
2.61537797326e-09	4.99202776894e-08
2.61722759697e-09	7.85189797625e-08
2.61907722068e-09	9.24495964227e-08
2.62092684438e-09	8.65052669496e-08
2.62277646809e-09	6.00415290819e-08
2.6246260918e-09	1.80796710936e-08
2.6264757155e-09	-2.92651733957e-08
2.62832533921e-09	-6.91957069421e-08
2.63017496292e-09	-9.00438266171e-08
2.63202458662e-09	-8.52257997508e-08
2.63387421033e-09	-5.59375905596e-08
2.63572383404e-09	-1.13487272912e-08
2.63757345774e-09	3.41158852279e-08
2.63942308145e-09	6.56758274431e-08
2.64127270515e-09	7.3537378853e-08
2.64312232886e-09	5.65975675215e-08
2.64497195257e-09	2.28434764438e-08
2.64682157627e-09	-1.38912756853e-08
2.64867119998e-09	-3.95891959215e-08
2.65052082369e-09	-4.57356392758e-08
2.65237044739e-09	-3.25211750862e-08
2.6542200711e-09	-8.13986300585e-09
2.65606969481e-09	1.54548835951e-08
2.65791931851e-09	2.823245282e-08
2.65976894222e-09	2.64622066481e-08
2.66161856593e-09	1.36780879956e-08
2.66346818963e-09	-1.98736271884e-09
2.66531781334e-09	-1.24753620767e-08
2.66716743705e-09	-1.38678499795e-08
2.66901706075e-09	-7.7132655818e-09
2.67086668446e-09	7.29209637118e-10
2.67271630817e-09	5.99754779174e-09
2.67456593187e-09	5.4521751558e-09
2.67641555558e-09	1.64402338965e-10
2.67826517928e-09	-6.49302833722e-09
2.68011480299e-09	-1.12658540274e-08
2.6819644267e-09	-1.27878028167e-08
2.6838140504e-09	-1.17220917417e-08
2.68566367411e-09	-9.61827151258e-09
2.68751329782e-09	-7.53105400264e-09
2.68936292152e-09	-5.4210809175e-09
2.69121254523e-09	-2.57280019511e-09
2.69306216894e-09	1.51369117241e-09
2.69491179264e-09	6.56473186922e-09
2.69676141635e-09	1.16711964537e-08
2.69861104006e-09	1.59095261409e-08
2.70046066376e-09	1.89075279877e-08
2.70231028747e-09	2.09601651591e-08
2.70415991118e-09	2.2714292669e-08
2.70600953488e-09	2.47076492599e-08
2.70785915859e-09	2.70647255718e-08
2.70970878229e-09	2.93945241481e-08
2.711558406e-09	3.08346308486e-08
2.71340802971e-09	3.01990823459e-08
2.71525765341e-09	2.623981743e-08
2.71710727712e-09	1.80100965252e-08
2.71895690083e-09	5.2820694485e-09
2.72080652453e-09	-1.11558859928e-08
2.72265614824e-09	-2.94270066092e-08
2.72450577195e-09	-4.67993572784e-08
2.72635539565e-09	-6.01582783588e-08
2.72820501936e-09	-6.6528777154e-08
2.73005464307e-09	-6.35961399098e-08
2.73190426677e-09	-5.02334245311e-08
2.73375389048e-09	-2.6988871582e-08
2.73560351419e-09	3.53617024551e-09
2.73745313789e-09	3.66058579004e-08
2.7393027616e-09	6.5806077032e-08
2.7411523853e-09	8.41987244371e-08
2.74300200901e-09	8.60912479084e-08
2.74485163272e-09	6.89844767976e-08
2.74670125642e-09	3.5053965064e-08
2.74855088013e-09	-8.55138804212e-09
2.75040050384e-09	-5.09964692696e-08
2.75225012754e-09	-8.0600997876e-08
2.75409975125e-09	-8.84523743139e-08
2.75594937496e-09	-7.16260970535e-08
2.75779899866e-09	-3.47598749784e-08
2.75964862237e-09	1.0904202874e-08
2.76149824608e-09	5.09732913656e-08
2.76334786978e-09	7.27807361045e-08
2.76519749349e-09	6.99885163158e-08
2.7670471172e-09	4.50114328032e-08
2.7688967409e-09	8.14962852758e-09
2.77074636461e-09	-2.64097632652e-08
2.77259598831e-09	-4.62096387821e-08
2.77444561202e-09	-4.54289548202e-08
2.77629523573e-09	-2.69170374878e-08
2.77814485943e-09	-4.64064064953e-10
2.77999448314e-09	2.1900634195e-08
2.78184410685e-09	3.13560448717e-08
2.78369373055e-09	2.59168313477e-08
2.78554335426e-09	1.05952508989e-08
2.78739297797e-09	-5.81785331022e-09
2.78924260167e-09	-1.54885775316e-08
2.79109222538e-09	-1.52961181499e-08
2.79294184909e-09	-7.69320340765e-09
2.79479147279e-09	1.43851497381e-09
2.7966410965e-09	6.48251985425e-09
2.79849072021e-09	5.06887554153e-09
2.80034034391e-09	-1.22980470252e-09
2.80218996762e-09	-8.506515492e-09
2.80403959133e-09	-1.31578943297e-08
2.80588921503e-09	-1.37720705951e-08
2.80773883874e-09	-1.12796998408e-08
2.80958846244e-09	-7.65392016433e-09
2.81143808615e-09	-4.33268620981e-09
2.81328770986e-09	-1.46766598874e-09
2.81513733356e-09	1.67340041823e-09
2.81698695727e-09	5.75421843507e-09
2.81883658098e-09	1.06426503166e-08
2.82068620468e-09	1.54817456632e-08
2.82253582839e-09	1.93226217249e-08
2.8243854521e-09	2.17769304811e-08
2.8262350758e-09	2.31705552522e-08
2.82808469951e-09	2.42022295538e-08
2.82993432322e-09	2.53926426552e-08
2.83178394692e-09	2.67265711784e-08
2.83363357063e-09	2.76123284237e-08
2.83548319434e-09	2.70623097265e-08
2.83733281804e-09	2.39585649098e-08
2.83918244175e-09	1.73380509949e-08
2.84103206545e-09	6.72963818005e-09
2.84288168916e-09	-7.51949524869e-09
2.84473131287e-09	-2.40437962873e-08
2.84658093657e-09	-4.05242381873e-08
2.84843056028e-09	-5.40413722661e-08
2.85028018399e-09	-6.16514768126e-08
2.85212980769e-09	-6.10001293921e-08
2.8539794314e-09	-5.08519413245e-08
2.85582905511e-09	-3.14567714099e-08
2.85767867881e-09	-4.77657735587e-09
2.85952830252e-09	2.54490863938e-08
2.86137792623e-09	5.39742011085e-08
2.86322754993e-09	7.47868469375e-08
2.86507717364e-09	8.23426944407e-08
2.86692679735e-09	7.31622122885e-08
2.86877642105e-09	4.73391175149e-08
2.87062604476e-09	9.36313160338e-09
2.87247566846e-09	-3.22914956996e-08
2.87432529217e-09	-6.6996030057e-08
2.87617491588e-09	-8.49177723694e-08
2.87802453958e-09	-8.02386068699e-08
2.87987416329e-09	-5.35271560409e-08
2.881723787e-09	-1.22059962138e-08
2.8835734107e-09	3.13521191231e-08
2.88542303441e-09	6.3677745743e-08
2.88727265812e-09	7.48222461766e-08
2.88912228182e-09	6.20056539447e-08
2.89097190553e-09	3.07761354179e-08
2.89282152924e-09	-6.95265578443e-09
2.89467115294e-09	-3.73909543327e-08
2.89652077665e-09	-5.0203112778e-08
2.89837040036e-09	-4.24459578596e-08
2.90022002406e-09	-1.94375804341e-08
2.90206964777e-09	7.86742493375e-09
2.90391927147e-09	2.78514384888e-08
2.90576889518e-09	3.32674616743e-08
2.90761851889e-09	2.4025311518e-08
2.90946814259e-09	6.51638343285e-09
2.9113177663e-09	-1.00572234984e-08
2.91316739001e-09	-1.83740951343e-08
2.91501701371e-09	-1.63073679005e-08
2.91686663742e-09	-7.26837745546e-09
2.91871626113e-09	2.34291408496e-09
2.92056588483e-09	6.92309898298e-09
2.92241550854e-09	4.52857573663e-09
2.92426513225e-09	-2.68142508197e-09
2.92611475595e-09	-1.0306580478e-08
2.92796437966e-09	-1.45090339743e-08
2.92981400337e-09	-1.39484894746e-08
2.93166362707e-09	-9.88634774046e-09
2.93351325078e-09	-4.75274486433e-09
2.93536287449e-09	-3.53401113928e-10
2.93721249819e-09	3.00072233728e-09
2.9390621219e-09	6.12603257011e-09
2.9409117456e-09	9.8829096018e-09
2.94276136931e-09	1.43319756063e-08
2.94461099302e-09	1.8694892745e-08
2.94646061672e-09	2.20003393281e-08
2.94831024043e-09	2.37955291027e-08
2.95015986414e-09	2.44003537375e-08
2.95200948784e-09	2.45278304334e-08
2.95385911155e-09	2.46914506619e-08
2.95570873526e-09	2.47826879018e-08
2.95755835896e-09	2.4078611105e-08
2.95940798267e-09	2.15294502226e-08
2.96125760638e-09	1.61586442005e-08
2.96310723008e-09	7.3716877047e-09
2.96495685379e-09	-4.77870276683e-09
2.9668064775e-09	-1.93977580665e-08
2.9686561012e-09	-3.46712347721e-08
2.97050572491e-09	-4.80439332762e-08
2.97235534861e-09	-5.6680658389e-08
2.97420497232e-09	-5.80975800801e-08
2.97605459603e-09	-5.0789260797e-08
2.97790421973e-09	-3.46778996629e-08
2.97975384344e-09	-1.1305038683e-08
2.98160346715e-09	1.62214490729e-08
2.98345309085e-09	4.34937206251e-08
2.98530271456e-09	6.53399609973e-08
2.98715233827e-09	7.66764500781e-08
2.98900196197e-09	7.37128189598e-08
2.99085158568e-09	5.52490391215e-08
2.99270120939e-09	2.36604105197e-08
2.99455083309e-09	-1.49002916672e-08
2.9964004568e-09	-5.14650118077e-08
2.99825008051e-09	-7.64073604387e-08
3.00009970421e-09	-8.22723578153e-08
3.00194932792e-09	-6.6435752899e-08
3.00379895162e-09	-3.25453761718e-08
3.00564857533e-09	9.98295845989e-09
3.00749819904e-09	4.85626898694e-08
3.00934782274e-09	7.14404748692e-08
3.01119744645e-09	7.17742025813e-08
3.01304707016e-09	5.02177499584e-08
3.01489669386e-09	1.49030210395e-08
3.01674631757e-09	-2.14061923742e-08
3.01859594128e-09	-4.60404621094e-08
3.02044556498e-09	-5.1204462892e-08
3.02229518869e-09	-3.68640336035e-08
3.0241448124e-09	-1.04887298846e-08
3.0259944361e-09	1.63153579535e-08
3.02784405981e-09	3.28356719592e-08
3.02969368352e-09	3.36914069976e-08
3.03154330722e-09	2.07362198523e-08
3.03339293093e-09	1.56676360774e-09
3.03524255463e-09	-1.45004461771e-08
3.03709217834e-09	-2.09367172488e-08
3.03894180205e-09	-1.67766387449e-08
3.04079142575e-09	-6.38301500544e-09
3.04264104946e-09	3.45343775798e-09
3.04449067317e-09	7.33532612429e-09
3.04634029687e-09	3.89280030433e-09
3.04818992058e-09	-4.07997635676e-09
3.05003954429e-09	-1.17542979794e-08
3.05188916799e-09	-1.51786778702e-08
3.0537387917e-09	-1.32186119828e-08
3.05558841541e-09	-7.54224505073e-09
3.05743803911e-09	-1.02169372962e-09
3.05928766282e-09	4.20543155855e-09
3.06113728653e-09	7.72790631487e-09
3.06298691023e-09	1.04948378876e-08
3.06483653394e-09	1.36241329329e-08
3.06668615765e-09	1.73899614708e-08
3.06853578135e-09	2.11057038513e-08
3.07038540506e-09	2.37580373152e-08
3.07223502876e-09	2.48126355018e-08
3.07408465247e-09	2.45236151386e-08
3.07593427618e-09	2.36046364677e-08
3.07778389988e-09	2.25749392513e-08
3.07963352359e-09	2.1296749253e-08
3.0814831473e-09	1.89832434216e-08
3.083332771e-09	1.46078695806e-08
3.08518239471e-09	7.38232586173e-09
3.08703201842e-09	-2.88507551183e-09
3.08888164212e-09	-1.56211452662e-08
3.09073126583e-09	-2.94472943807e-08
3.09258088954e-09	-4.22651140752e-08
3.09443051324e-09	-5.15201854512e-08
3.09628013695e-09	-5.47167786635e-08
3.09812976066e-09	-5.00538028803e-08
3.09997938436e-09	-3.70059822785e-08
3.10182900807e-09	-1.66316862504e-08
3.10367863177e-09	8.44241476727e-09
3.10552825548e-09	3.43389743307e-08
3.10737787919e-09	5.64635875833e-08
3.10922750289e-09	7.02180784629e-08
3.1110771266e-09	7.18747799056e-08
3.11292675031e-09	5.95709686024e-08
3.11477637401e-09	3.42305952472e-08
3.11662599772e-09	4.36594926878e-11
3.11847562143e-09	-3.58757858976e-08
3.12032524513e-09	-6.48689564287e-08
3.12217486884e-09	-7.89490712805e-08
3.12402449255e-09	-7.3340572726e-08
3.12587411625e-09	-4.84524207423e-08
3.12772373996e-09	-1.0435218023e-08
3.12957336367e-09	3.01603044761e-08
3.13142298737e-09	6.1407490648e-08
3.13327261108e-09	7.38799599276e-08
3.13512223478e-09	6.39960617832e-08
3.13697185849e-09	3.55330840307e-08
3.1388214822e-09	-1.47214129775e-09
3.1406711059e-09	-3.42033708023e-08
3.14252072961e-09	-5.17302396474e-08
3.14437035332e-09	-4.90688059074e-08
3.14621997702e-09	-2.89694082056e-08
3.14806960073e-09	-6.11648842685e-10
3.14991922444e-09	2.43031621494e-08
3.15176884814e-09	3.64146508502e-08
3.15361847185e-09	3.24346736136e-08
3.15546809556e-09	1.60996229681e-08
3.15731771926e-09	-4.04856947966e-09
3.15916734297e-09	-1.88976319038e-08
3.16101696668e-09	-2.29710135358e-08
3.16286659038e-09	-1.65845346345e-08
3.16471621409e-09	-4.99893193506e-09
3.16656583779e-09	4.77453632186e-09
3.1684154615e-09	7.73889041739e-09
3.17026508521e-09	3.22683391119e-09
3.17211470891e-09	-5.31705657281e-09
3.17396433262e-09	-1.27208368284e-08
3.17581395633e-09	-1.50684460465e-08
3.17766358003e-09	-1.15543112855e-08
3.17951320374e-09	-4.30976143662e-09
3.18136282745e-09	3.36848549054e-09
3.18321245115e-09	9.08663277954e-09
3.18506207486e-09	1.24168000326e-08
3.18691169857e-09	1.44930014656e-08
3.18876132227e-09	1.67165907783e-08
3.19061094598e-09	1.96028988597e-08
3.19246056969e-09	2.25478284932e-08
3.19431019339e-09	2.44755025136e-08
3.1961598171e-09	2.47297986533e-08
3.19800944081e-09	2.3483194056e-08
3.19985906451e-09	2.14294804124e-08
3.20170868822e-09	1.91209412748e-08
3.20355831192e-09	1.64483378029e-08
3.20540793563e-09	1.26531869427e-08
3.20725755934e-09	6.78774725316e-09
3.20910718304e-09	-1.71087999323e-09
3.21095680675e-09	-1.26416788149e-08
3.21280643046e-09	-2.4965681078e-08
3.21465605416e-09	-3.69364023811e-08
3.21650567787e-09	-4.63362432868e-08
3.21835530158e-09	-5.08428357193e-08
3.22020492528e-09	-4.8525780727e-08
3.22205454899e-09	-3.84195040226e-08
3.2239041727e-09	-2.09989270417e-08
3.2257537964e-09	1.6710033357e-09
3.22760342011e-09	2.6167651157e-08
3.22945304382e-09	4.82636544064e-08
3.23130266752e-09	6.36470502968e-08
3.23315229123e-09	6.87054608761e-08
3.23500191493e-09	6.13100965552e-08
3.23685153864e-09	4.15254888253e-08
3.23870116235e-09	1.20949348315e-08
3.24055078605e-09	-2.15630659994e-08
3.24240040976e-09	-5.2105640691e-08
3.24425003347e-09	-7.18493211593e-08
3.24609965717e-09	-7.49036175307e-08
3.24794928088e-09	-5.92452025217e-08
3.24979890459e-09	-2.795186127e-08
3.25164852829e-09	1.10484323912e-08
3.253498152e-09	4.69159395777e-08
3.25534777571e-09	6.91387640472e-08
3.25719739941e-09	7.10261929271e-08
3.25904702312e-09	5.22043031026e-08
3.26089664683e-09	1.9067831758e-08
3.26274627053e-09	-1.71936047622e-08
3.26459589424e-09	-4.44612382466e-08
3.26644551794e-09	-5.40477174127e-08
3.26829514165e-09	-4.3891922985e-08
3.27014476536e-09	-1.92367153318e-08
3.27199438906e-09	9.55997325747e-09
3.27384401277e-09	3.12511758693e-08
3.27569363648e-09	3.82293094958e-08
3.27754326018e-09	2.94149540281e-08
3.27939288389e-09	1.02650403733e-08
3.2812425076e-09	-1.005112793e-08
3.2830921313e-09	-2.29624728121e-08
3.28494175501e-09	-2.42758737556e-08
3.28679137872e-09	-1.56342192525e-08
3.28864100242e-09	-3.09603898074e-09
3.29049062613e-09	6.30005736468e-09
3.29234024984e-09	8.14858491793e-09
3.29418987354e-09	2.59404897562e-09
3.29603949725e-09	-6.29238439132e-09
3.29788912095e-09	-1.31100739154e-08
3.29973874466e-09	-1.41291103262e-08
3.30158836837e-09	-8.98995899945e-09
3.30343799207e-09	-3.25284854608e-10
3.30528761578e-09	8.19029644106e-09
3.30713723949e-09	1.40028593165e-08
3.30898686319e-09	1.67582978605e-08
3.3108364869e-09	1.78364043535e-08
3.31268611061e-09	1.89385236382e-08
3.31453573431e-09	2.08086845532e-08
3.31638535802e-09	2.29102958826e-08
3.31823498173e-09	2.40871393942e-08
3.32008460543e-09	2.35283650341e-08
3.32193422914e-09	2.12982094183e-08
3.32378385285e-09	1.80852506304e-08
3.32563347655e-09	1.4504228929e-08
3.32748310026e-09	1.05347695012e-08
3.32933272397e-09	5.51533174686e-09
3.33118234767e-09	-1.36310263077e-09
3.33303197138e-09	-1.04350093011e-08
3.33488159508e-09	-2.11571382636e-08
3.33673121879e-09	-3.21250865909e-08
3.3385808425e-09	-4.13575840241e-08
3.3404304662e-09	-4.67015510708e-08
3.34228008991e-09	-4.6256133146e-08
3.34412971362e-09	-3.881766375e-08
3.34597933732e-09	-2.43372273445e-08
3.34782896103e-09	-4.21994084121e-09
3.34967858474e-09	1.86908017952e-08
3.35152820844e-09	4.05278193227e-08
3.35337783215e-09	5.71276821404e-08
3.35522745586e-09	6.48673719184e-08
3.35707707956e-09	6.14128552456e-08
3.35892670327e-09	4.63189415711e-08
3.36077632698e-09	2.13957438433e-08
3.36262595068e-09	-9.22852549934e-09
3.36447557439e-09	-3.95297021782e-08
3.36632519809e-09	-6.26104679213e-08
3.3681748218e-09	-7.23101649669e-08
3.37002444551e-09	-6.50678941838e-08
3.37187406921e-09	-4.14534184756e-08
3.37372369292e-09	-6.68862076836e-09
3.37557331663e-09	3.02883762515e-08
3.37742294033e-09	5.91669468974e-08
3.37927256404e-09	7.14345489428e-08
3.38112218775e-09	6.33192556165e-08
3.38297181145e-09	3.73935336029e-08
3.38482143516e-09	2.04805306048e-09
3.38667105887e-09	-3.11654666518e-08
3.38852068257e-09	-5.14940445839e-08
3.39037030628e-09	-5.28406651767e-08
3.39221992999e-09	-3.59985570242e-08
3.39406955369e-09	-8.28911694839e-09
3.3959191774e-09	1.93376585855e-08
3.3977688011e-09	3.66295616061e-08
3.39961842481e-09	3.80328444294e-08
3.40146804852e-09	2.46727971387e-08
3.40331767222e-09	3.48432149799e-09
3.40516729593e-09	-1.61023070433e-08
3.40701691964e-09	-2.63981565496e-08
3.40886654334e-09	-2.46634037637e-08
3.41071616705e-09	-1.385891224e-08
3.41256579076e-09	-6.85517198562e-10
3.41441541446e-09	8.00618860097e-09
3.41626503817e-09	8.57640447549e-09
3.41811466188e-09	2.04687067296e-09
3.41996428558e-09	-6.92748391984e-09
3.42181390929e-09	-1.28610180283e-08
3.423663533e-09	-1.23659456008e-08
3.4255131567e-09	-5.62663027281e-09
3.42736278041e-09	4.21495860436e-09
3.42921240411e-09	1.31729560593e-08
3.43106202782e-09	1.86469133467e-08
3.43291165153e-09	2.04559178485e-08
3.43476127523e-09	2.02769072644e-08
3.43661089894e-09	2.01133900646e-08
3.43846052265e-09	2.09060146972e-08
3.44031014635e-09	2.21570406467e-08
3.44215977006e-09	2.25976464208e-08
3.44400939377e-09	2.1253420357e-08
3.44585901747e-09	1.8072549679e-08
3.44770864118e-09	1.37440725467e-08
3.44955826489e-09	8.9873353204e-09
3.45140788859e-09	3.93519083985e-09
3.4532575123e-09	-1.9272463625e-09
3.45510713601e-09	-9.24613274833e-09
3.45695675971e-09	-1.8139200364e-08
3.45880638342e-09	-2.78044041124e-08
3.46065600713e-09	-3.66009267339e-08
3.46250563083e-09	-4.24738999527e-08
3.46435525454e-09	-4.34887681422e-08
3.46620487824e-09	-3.83118639036e-08
3.46805450195e-09	-2.65617181583e-08
3.46990412566e-09	-9.09270880811e-09
3.47175374936e-09	1.1906110764e-08
3.47360337307e-09	3.30965406192e-08
3.47545299678e-09	5.05442123711e-08
3.47730262048e-09	6.05436625278e-08
3.47915224419e-09	6.04602945486e-08
3.4810018679e-09	4.93909944055e-08
3.4828514916e-09	2.85020469448e-08
3.48470111531e-09	1.03715946942e-09
3.48655073902e-09	-2.80155294519e-08
3.48840036272e-09	-5.26403916012e-08
3.49024998643e-09	-6.69565451972e-08
3.49209961014e-09	-6.66887345346e-08
3.49394923384e-09	-5.06417556778e-08
3.49579885755e-09	-2.16350386495e-08
3.49764848125e-09	1.3615979455e-08
3.49949810496e-09	4.59388616036e-08
3.50134772867e-09	6.62377246385e-08
3.50319735237e-09	6.83981653538e-08
3.50504697608e-09	5.15509093191e-08
3.50689659979e-09	2.0764533204e-08
3.50874622349e-09	-1.42918157309e-08
3.5105958472e-09	-4.24461426007e-08
3.51244547091e-09	-5.48638006137e-08
3.51429509461e-09	-4.82189541628e-08
3.51614471832e-09	-2.59258552404e-08
3.51799434203e-09	3.14152615033e-09
3.51984396573e-09	2.80443543943e-08
3.52169358944e-09	4.00014599222e-08
3.52354321315e-09	3.57083500546e-08
3.52539283685e-09	1.83837105538e-08
3.52724246056e-09	-3.89431775716e-09
3.52909208426e-09	-2.18304521127e-08
3.53094170797e-09	-2.89133286202e-08
3.53279133168e-09	-2.39794992751e-08
3.53464095538e-09	-1.12335598601e-08
3.53649057909e-09	2.18851581302e-09
3.5383402028e-09	9.84948567151e-09
3.5401898265e-09	9.01752095217e-09
3.54203945021e-09	1.62794644432e-09
3.54388907392e-09	-7.17068004974e-09
3.54573869762e-09	-1.19603438264e-08
3.54758832133e-09	-9.84074954857e-09
3.54943794504e-09	-1.62085622701e-09
3.55128756874e-09	9.06417252367e-09
3.55313719245e-09	1.80189623222e-08
3.55498681616e-09	2.27173515555e-08
3.55683643986e-09	2.3244542291e-08
3.55868606357e-09	2.16194049329e-08
3.56053568727e-09	2.01293079982e-08
3.56238531098e-09	1.986535203e-08
3.56423493469e-09	2.03187600079e-08
3.56608455839e-09	2.00877909862e-08
3.5679341821e-09	1.80261920946e-08
3.56978380581e-09	1.39774680719e-08
3.57163342951e-09	8.65240590286e-09
3.57348305322e-09	2.91281088138e-09
3.57533267693e-09	-2.9143660818e-09
3.57718230063e-09	-9.15064468643e-09
3.57903192434e-09	-1.62790136926e-08
3.58088154805e-09	-2.42555984187e-08
3.58273117175e-09	-3.21192885622e-08
3.58458079546e-09	-3.81313043363e-08
3.58643041917e-09	-4.03204225563e-08
3.58828004287e-09	-3.71120236764e-08
3.59012966658e-09	-2.7815856285e-08
3.59197929029e-09	-1.2886986589e-08
3.59382891399e-09	6.00469496348e-09
3.5956785377e-09	2.60921080297e-08
3.5975281614e-09	4.38601190922e-08
3.59937778511e-09	5.56718369182e-08
3.60122740882e-09	5.86019552884e-08
3.60307703252e-09	5.12051130386e-08
3.60492665623e-09	3.40107817465e-08
3.60677627994e-09	9.58237222903e-09
3.60862590364e-09	-1.78172303578e-08
3.61047552735e-09	-4.2878376405e-08
3.61232515106e-09	-6.01648793008e-08
3.61417477476e-09	-6.52408971291e-08
3.61602439847e-09	-5.58895258962e-08
3.61787402218e-09	-3.31175193935e-08
3.61972364588e-09	-1.51117784952e-09
3.62157326959e-09	3.14219725794e-08
3.6234228933e-09	5.70026195135e-08
3.625272517e-09	6.7888535682e-08
3.62712214071e-09	6.05482526339e-08
3.62897176441e-09	3.6788932789e-08
3.63082138812e-09	3.60703555913e-09
3.63267101183e-09	-2.87968688895e-08
3.63452063553e-09	-5.03146146968e-08
3.63637025924e-09	-5.44198499597e-08
3.63821988295e-09	-4.05501978662e-08
3.64006950665e-09	-1.43733451807e-08
3.64191913036e-09	1.4272640847e-08
3.64376875407e-09	3.50610456223e-08
3.64561837777e-09	4.10633660408e-08
3.64746800148e-09	3.12946895065e-08
3.64931762519e-09	1.0846433085e-08
3.65116724889e-09	-1.14518243777e-08
3.6530168726e-09	-2.68431303851e-08
3.65486649631e-09	-3.02485503312e-08
3.65671612001e-09	-2.21252332011e-08
3.65856574372e-09	-7.78066588936e-09
3.66041536742e-09	5.44947154069e-09
3.66226499113e-09	1.17598073501e-08
3.66411461484e-09	9.45398781482e-09
3.66596423854e-09	1.36054689737e-09
3.66781386225e-09	-7.00174984658e-09
3.66966348596e-09	-1.0439011433e-08
3.67151310966e-09	-6.66918209546e-09
3.67336273337e-09	2.81883805187e-09
3.67521235708e-09	1.39473472771e-08
3.67706198078e-09	2.24273080107e-08
3.67891160449e-09	2.59332590957e-08
3.6807612282e-09	2.49111948847e-08
3.6826108519e-09	2.17375610845e-08
3.68446047561e-09	1.89494677727e-08
3.68631009932e-09	1.77287162728e-08
3.68815972302e-09	1.75016907633e-08
3.69000934673e-09	1.67053197941e-08
3.69185897043e-09	1.40342848454e-08
3.69370859414e-09	9.24971299554e-09
3.69555821785e-09	3.11511860751e-09
3.69740784155e-09	-3.3355740392e-09
3.69925746526e-09	-9.54893231153e-09
3.70110708897e-09	-1.56426001041e-08
3.70295671267e-09	-2.19539639801e-08
3.70480633638e-09	-2.8349610659e-08
3.70665596009e-09	-3.38281544998e-08
3.70850558379e-09	-3.66994292733e-08
3.7103552075e-09	-3.52051401364e-08
3.71220483121e-09	-2.82235284033e-08
3.71405445491e-09	-1.57414685731e-08
3.71590407862e-09	1.01700226018e-09
3.71775370233e-09	1.97291818438e-08
3.71960332603e-09	3.72928994352e-08
3.72145294974e-09	5.03246972983e-08
3.72330257345e-09	5.58089929825e-08
3.72515219715e-09	5.18364906554e-08
3.72700182086e-09	3.82308478208e-08
3.72885144456e-09	1.68228631026e-08
3.73070106827e-09	-8.75040129245e-09
3.73255069198e-09	-3.36797896239e-08
3.73440031568e-09	-5.28597112748e-08
3.73624993939e-09	-6.18889046677e-08
3.7380995631e-09	-5.80500802982e-08
3.7399491868e-09	-4.1174491372e-08
3.74179881051e-09	-1.41414258081e-08
3.74364843422e-09	1.72814900168e-08
3.74549805792e-09	4.5483602662e-08
3.74734768163e-09	6.29030552091e-08
3.74919730534e-09	6.43121111921e-08
3.75104692904e-09	4.8746695569e-08
3.75289655275e-09	2.02893293277e-08
3.75474617646e-09	-1.27945707362e-08
3.75659580016e-09	-4.04952622546e-08
3.75844542387e-09	-5.43244382811e-08
3.76029504757e-09	-5.02943855452e-08
3.76214467128e-09	-3.04299128118e-08
3.76399429499e-09	-2.15911422075e-09
3.76584391869e-09	2.43404620903e-08
3.7676935424e-09	3.98810939828e-08
3.76954316611e-09	3.9668812235e-08
3.77139278981e-09	2.49869707147e-08
3.77324241352e-09	2.47579889923e-09
3.77509203723e-09	-1.87247870542e-08
3.77694166093e-09	-3.07643972519e-08
3.77879128464e-09	-3.01945846104e-08
3.78064090835e-09	-1.90644513509e-08
3.78249053205e-09	-3.58130614053e-09
3.78434015576e-09	8.9810301418e-09
3.78618977947e-09	1.36515714289e-08
3.78803940317e-09	9.85051951119e-09
3.78988902688e-09	1.24221322118e-09
3.79173865058e-09	-6.43104947073e-09
3.79358827429e-09	-8.36817193317e-09
3.795437898e-09	-3.01599500929e-09
3.7972875217e-09	7.44862749258e-09
3.79913714541e-09	1.85770208105e-08
3.80098676912e-09	2.61118167089e-08
3.80283639282e-09	2.80619083526e-08
3.80468601653e-09	2.53077043766e-08
3.80653564024e-09	2.0582382021e-08
3.80838526394e-09	1.66190332607e-08
3.81023488765e-09	1.46138239288e-08
3.81208451136e-09	1.38730484878e-08
3.81393413506e-09	1.26592691885e-08
3.81578375877e-09	9.52024770129e-09
3.81763338248e-09	4.17295353827e-09
3.81948300618e-09	-2.52780951726e-09
3.82133262989e-09	-9.3541627777e-09
3.82318225359e-09	-1.55197348306e-08
3.8250318773e-09	-2.09467216905e-08
3.82688150101e-09	-2.58705643574e-08
3.82873112471e-09	-3.01536964287e-08
3.83058074842e-09	-3.28757892021e-08
3.83243037213e-09	-3.25244897681e-08
3.83427999583e-09	-2.76607075023e-08
3.83612961954e-09	-1.76590901901e-08
3.83797924325e-09	-3.14469628115e-09
3.83982886695e-09	1.40124933878e-08
3.84167849066e-09	3.10385352975e-08
3.84352811437e-09	4.47698447203e-08
3.84537773807e-09	5.22365901645e-08
3.84722736178e-09	5.12807076802e-08
3.84907698549e-09	4.11491072327e-08
3.85092660919e-09	2.28969785354e-08
3.8527762329e-09	-5.79869152695e-10
3.85462585661e-09	-2.49779539274e-08
3.85647548031e-09	-4.54217925494e-08
3.85832510402e-09	-5.74742564652e-08
3.86017472772e-09	-5.80939634176e-08
3.86202435143e-09	-4.63836791198e-08
3.86387397514e-09	-2.4038005364e-08
3.86572359884e-09	4.63688465402e-09
3.86757322255e-09	3.33154765997e-08
3.86942284626e-09	5.49285594786e-08
3.87127246996e-09	6.35058867715e-08
3.87312209367e-09	5.61013706601e-08
3.87497171738e-09	3.41151569216e-08
3.87682134108e-09	3.38335293115e-09
3.87867096479e-09	-2.72641678123e-08
3.8805205885e-09	-4.86567444113e-08
3.8823702122e-09	-5.43375833217e-08
3.88421983591e-09	-4.28960689192e-08
3.88606945962e-09	-1.86274302649e-08
3.88791908332e-09	9.85473214143e-09
3.88976870703e-09	3.26466889078e-08
3.89161833073e-09	4.21540349294e-08
3.89346795444e-09	3.58544873791e-08
3.89531757815e-09	1.71278298211e-08
3.89716720185e-09	-6.23321660953e-09
3.89901682556e-09	-2.52292320368e-08
3.90086644927e-09	-3.32608252052e-08
3.90271607297e-09	-2.86192722854e-08
3.90456569668e-09	-1.48357814922e-08
3.90641532039e-09	1.2292012963e-09
3.90826494409e-09	1.26296804126e-08
3.9101145678e-09	1.54187400625e-08
3.91196419151e-09	1.015923079e-08
3.91381381521e-09	1.25279209229e-09
3.91566343892e-09	-5.50406920041e-09
3.91751306263e-09	-5.85950354903e-09
3.91936268633e-09	9.25639842553e-10
3.92121231004e-09	1.20062422226e-08
3.92306193374e-09	2.26680683113e-08
3.92491155745e-09	2.88257524517e-08
3.92676118116e-09	2.89348829341e-08
3.92861080486e-09	2.43630893237e-08
3.93046042857e-09	1.81884090011e-08
3.93231005228e-09	1.3260523346e-08
3.93415967598e-09	1.07060120769e-08
3.93600929969e-09	9.65879465298e-09
3.9378589234e-09	8.20204526519e-09
3.9397085471e-09	4.76252548509e-09
3.94155817081e-09	-9.38983557575e-10
3.94340779452e-09	-7.92485899126e-09
3.94525741822e-09	-1.47565168973e-08
3.94710704193e-09	-2.04253627345e-08
3.94895666564e-09	-2.46980711438e-08
3.95080628934e-09	-2.77699623297e-08
3.95265591305e-09	-2.95856441568e-08
3.95450553675e-09	-2.9418169234e-08
3.95635516046e-09	-2.60408548058e-08
3.95820478417e-09	-1.83966477607e-08
3.96005440787e-09	-6.35045438457e-09
3.96190403158e-09	8.92733975633e-09
3.96375365529e-09	2.50939073965e-08
3.96560327899e-09	3.91569514591e-08
3.9674529027e-09	4.81435691313e-08
3.96930252641e-09	4.97328009885e-08
3.97115215011e-09	4.27817816728e-08
3.97300177382e-09	2.77131118054e-08
3.97485139753e-09	6.66703936503e-09
3.97670102123e-09	-1.67046554367e-08
3.97855064494e-09	-3.78657709632e-08
3.98040026865e-09	-5.23391570084e-08
3.98224989235e-09	-5.67192017797e-08
3.98409951606e-09	-4.95007022039e-08
3.98594913977e-09	-3.15394821371e-08
3.98779876347e-09	-6.07328187741e-09
3.98964838718e-09	2.16923776719e-08
3.99149801088e-09	4.54818547269e-08
3.99334763459e-09	5.93070055288e-08
3.9951972583e-09	5.91019606588e-08
3.997046882e-09	4.41793801542e-08
3.99889650571e-09	1.79418506718e-08
4.00074612942e-09	-1.26337038608e-08
4.00259575312e-09	-3.8824488513e-08
4.00444537683e-09	-5.28474828343e-08
4.00629500054e-09	-5.05184516442e-08
4.00814462424e-09	-3.28740945577e-08
4.00999424795e-09	-6.02666894167e-09
4.01184387166e-09	2.08273238655e-08
4.01369349536e-09	3.86281264753e-08
4.01554311907e-09	4.17094199179e-08
4.01739274278e-09	2.98356610529e-08
4.01924236648e-09	8.19172552013e-09
