% time-domain current integration by openEMS v0.0.36 @Wed Sep  9 01:33:15 2026
% start-coordinates: (-5.43478e-05,0.00109237,2.5e-05) m -> [15,11,1]
% stop-coordinates: (0,0.00135578,2.5e-05) m -> [16,20,1]
% t/s	current
1.00523027526e-14	0
1.85967600923e-12	-2.2908923647e-09
3.70929971571e-12	-2.56535392928e-09
5.55892342219e-12	-2.68916583446e-10
7.40854712867e-12	9.06783537147e-09
9.25817083515e-12	3.23146451819e-08
1.11077945416e-11	7.76088100451e-08
1.29574182481e-11	1.4884619759e-07
1.48070419546e-11	2.36154519939e-07
1.66566656611e-11	3.02458602164e-07
1.85062893675e-11	2.73667808415e-07
2.0355913074e-11	4.14742089561e-08
2.22055367805e-11	-5.06935236899e-07
2.4055160487e-11	-1.43054728596e-06
2.59047841935e-11	-2.65889320872e-06
2.77544078999e-11	-3.9331548578e-06
2.96040316064e-11	-4.81061306346e-06
3.14536553129e-11	-4.76577542941e-06
3.33032790194e-11	-3.38233326147e-06
3.51529027259e-11	-5.71620319079e-07
3.70025264323e-11	3.28357054968e-06
3.88521501388e-11	7.3555615927e-06
4.07017738453e-11	1.05969329525e-05
4.25513975518e-11	1.20951381177e-05
4.44010212583e-11	1.14112071969e-05
4.62506449647e-11	8.748489563e-06
4.81002686712e-11	4.87365241497e-06
4.99498923777e-11	8.26202949611e-07
5.17995160842e-11	-2.44876059696e-06
5.36491397906e-11	-4.38709730588e-06
5.54987634971e-11	-4.90837464895e-06
5.73483872036e-11	-4.32756996815e-06
5.91980109101e-11	-3.15255306305e-06
6.10476346166e-11	-1.87257023754e-06
6.2897258323e-11	-8.2008125446e-07
6.47468820295e-11	-1.32277733655e-07
6.6596505736e-11	2.08909696653e-07
6.84461294425e-11	3.03133418811e-07
7.0295753149e-11	2.64331390554e-07
7.21453768554e-11	1.80549847073e-07
7.39950005619e-11	1.02024088733e-07
7.58446242684e-11	4.74880437196e-08
7.76942479749e-11	1.7006982489e-08
7.95438716814e-11	3.30342198041e-09
8.13934953878e-11	-1.32854738322e-09
8.32431190943e-11	-2.27157381794e-09
8.50927428008e-11	-2.33980035347e-09
8.69423665073e-11	-2.90243518108e-09
8.87919902137e-11	-3.36800054512e-09
9.06416139202e-11	-3.03978664462e-09
9.24912376267e-11	-1.82808468363e-09
9.43408613332e-11	2.72728211542e-11
9.61904850397e-11	1.91311499975e-09
9.80401087461e-11	3.04652392202e-09
9.98897324526e-11	2.86985302189e-09
1.01739356159e-10	1.16998211119e-09
1.03588979866e-10	-1.80105141911e-09
1.05438603572e-10	-5.52473178317e-09
1.07288227279e-10	-9.52560075262e-09
1.09137850985e-10	-1.34623849846e-08
1.10987474691e-10	-1.71395111437e-08
1.12837098398e-10	-2.00892085189e-08
1.14686722104e-10	-2.13001438709e-08
1.16536345811e-10	-1.91390068238e-08
1.18385969517e-10	-1.15706582093e-08
1.20235593224e-10	2.94950064372e-09
1.2208521693e-10	2.45273046318e-08
1.23934840637e-10	5.09107280777e-08
1.25784464343e-10	7.72054988829e-08
1.2763408805e-10	9.65362190186e-08
1.29483711756e-10	1.01803614427e-07
1.31333335463e-10	8.80121788782e-08
1.33182959169e-10	5.45343574743e-08
1.35032582876e-10	6.11778183668e-09
1.36882206582e-10	-4.77044963532e-08
1.38731830289e-10	-9.50976968284e-08
1.40581453995e-10	-1.25362262793e-07
1.42431077702e-10	-1.32212647941e-07
1.44280701408e-10	-1.15576483495e-07
1.46130325115e-10	-8.12830407426e-08
1.47979948821e-10	-3.8907089106e-08
1.49829572528e-10	1.37413769252e-09
1.51679196234e-10	3.17781463366e-08
1.53528819941e-10	4.84031730252e-08
1.55378443647e-10	5.15973432869e-08
1.57228067353e-10	4.46520651565e-08
1.5907769106e-10	3.22856230639e-08
1.60927314766e-10	1.89591577993e-08
1.62776938473e-10	7.89715759453e-09
1.64626562179e-10	6.80617062709e-10
1.66476185886e-10	-2.72811595536e-09
1.68325809592e-10	-3.4449836317e-09
1.70175433299e-10	-3.01434277539e-09
1.72025057005e-10	-2.72821010228e-09
1.73874680712e-10	-3.16467785311e-09
1.75724304418e-10	-4.08738554114e-09
1.77573928125e-10	-4.77133177412e-09
1.79423551831e-10	-4.56281856742e-09
1.81273175538e-10	-3.31619731675e-09
1.83122799244e-10	-1.5323159408e-09
1.84972422951e-10	-6.97641180936e-11
1.86822046657e-10	3.46652068162e-10
1.88671670364e-10	-3.96403881942e-10
1.9052129407e-10	-1.83148685107e-09
1.92370917777e-10	-3.09657499642e-09
1.94220541483e-10	-3.45364159493e-09
1.9607016519e-10	-2.63684118984e-09
1.97919788896e-10	-9.64142876647e-10
1.99769412602e-10	8.28169754996e-10
2.01619036309e-10	2.01522398768e-09
2.03468660015e-10	2.28323693285e-09
2.05318283722e-10	1.91660864957e-09
2.07167907428e-10	1.79582615445e-09
2.09017531135e-10	3.41456152242e-09
2.10867154841e-10	8.96288643304e-09
2.12716778548e-10	2.04789554203e-08
2.14566402254e-10	3.95865313862e-08
2.16416025961e-10	6.60503118866e-08
2.18265649667e-10	9.6100613689e-08
2.20115273374e-10	1.21475224546e-07
2.2196489708e-10	1.29385568925e-07
2.23814520787e-10	1.05378241244e-07
2.25664144493e-10	3.8812750347e-08
2.275137682e-10	-7.07505520836e-08
2.29363391906e-10	-2.08403079682e-07
2.31213015613e-10	-3.44257728102e-07
2.33062639319e-10	-4.40604367213e-07
2.34912263026e-10	-4.64436766379e-07
2.36761886732e-10	-4.00694347036e-07
2.38611510439e-10	-2.60053553802e-07
2.40461134145e-10	-7.6945013916e-08
2.42310757852e-10	1.02000790037e-07
2.44160381558e-10	2.34152423673e-07
2.46010005264e-10	2.94554041602e-07
2.47859628971e-10	2.81425627691e-07
2.49709252677e-10	2.1246005133e-07
2.51558876384e-10	1.15023134128e-07
2.5340850009e-10	1.57850621463e-08
2.55258123797e-10	-6.6026160539e-08
2.57107747503e-10	-1.20386360436e-07
2.5895737121e-10	-1.44740027963e-07
2.60806994916e-10	-1.4125807013e-07
2.62656618623e-10	-1.15005235557e-07
2.64506242329e-10	-7.3162304659e-08
2.66355866036e-10	-2.45461517778e-08
2.68205489742e-10	2.13841016006e-08
2.70055113449e-10	5.63729294356e-08
2.71904737155e-10	7.52909272705e-08
2.73754360862e-10	7.72856196818e-08
2.75603984568e-10	6.55134044791e-08
2.77453608275e-10	4.57313227287e-08
2.79303231981e-10	2.40798723183e-08
2.81152855688e-10	5.45325296031e-09
2.83002479394e-10	-7.56951124004e-09
2.84852103101e-10	-1.45097232007e-08
2.86701726807e-10	-1.63437636758e-08
2.88551350513e-10	-1.46160044068e-08
2.9040097422e-10	-1.09230242629e-08
2.92250597926e-10	-6.63467725204e-09
2.94100221633e-10	-2.9002060753e-09
2.95949845339e-10	-5.27887900059e-10
2.97799469046e-10	1.96142366238e-10
2.99649092752e-10	-5.36828748121e-10
3.01498716459e-10	-1.95043670104e-09
3.03348340165e-10	-3.13507753091e-09
3.05197963872e-10	-3.38558936441e-09
3.07047587578e-10	-2.57522203562e-09
3.08897211285e-10	-1.14175879862e-09
3.10746834991e-10	1.61088281603e-10
3.12596458698e-10	6.92233659283e-10
3.14446082404e-10	2.66561162032e-10
3.16295706111e-10	-7.86206710846e-10
3.18145329817e-10	-1.80569692532e-09
3.19994953524e-10	-2.19812745783e-09
3.2184457723e-10	-1.73643366352e-09
3.23694200937e-10	-6.93371693394e-10
3.25543824643e-10	3.36968813963e-10
3.2739344835e-10	7.05507874343e-10
3.29243072056e-10	8.90493373484e-11
3.31092695763e-10	-1.41150791055e-09
3.32942319469e-10	-3.2905154157e-09
3.34791943175e-10	-4.89359663902e-09
3.36641566882e-10	-5.80503112246e-09
3.38491190588e-10	-6.01335425898e-09
3.40340814295e-10	-5.80865666677e-09
3.42190438001e-10	-5.72495784112e-09
3.44040061708e-10	-6.16461592884e-09
3.45889685414e-10	-6.9816068482e-09
3.47739309121e-10	-7.59779084092e-09
3.49588932827e-10	-7.07466218941e-09
3.51438556534e-10	-4.49471215802e-09
3.5328818024e-10	3.57025131681e-10
3.55137803947e-10	6.95227342362e-09
3.56987427653e-10	1.39082887429e-08
3.5883705136e-10	1.98498533166e-08
3.60686675066e-10	2.39724791129e-08
3.62536298773e-10	2.66517616865e-08
3.64385922479e-10	2.90579134088e-08
3.66235546186e-10	3.21089643762e-08
3.68085169892e-10	3.53616478321e-08
3.69934793599e-10	3.64001664366e-08
3.71784417305e-10	3.14188532968e-08
3.73634041012e-10	1.69805804973e-08
3.75483664718e-10	-7.97731125601e-09
3.77333288424e-10	-4.07401863356e-08
3.79182912131e-10	-7.49323234572e-08
3.81032535837e-10	-1.02082559295e-07
3.82882159544e-10	-1.14332195267e-07
3.8473178325e-10	-1.06981140391e-07
3.86581406957e-10	-8.0301688854e-08
3.88431030663e-10	-3.97037780431e-08
3.9028065437e-10	5.75669778513e-09
3.92130278076e-10	4.59572007117e-08
3.93979901783e-10	7.27024485059e-08
3.95829525489e-10	8.19069185809e-08
3.97679149196e-10	7.44357535609e-08
3.99528772902e-10	5.51973116103e-08
4.01378396609e-10	3.10851859808e-08
4.03228020315e-10	8.60845261741e-09
4.05077644022e-10	-7.92188004084e-09
4.06927267728e-10	-1.70255365362e-08
4.08776891435e-10	-1.95150562377e-08
4.10626515141e-10	-1.74550507381e-08
4.12476138848e-10	-1.30679973509e-08
4.14325762554e-10	-8.09538036606e-09
4.16175386261e-10	-3.71999075988e-09
4.18025009967e-10	-6.39079178466e-10
4.19874633674e-10	7.71281261081e-10
4.2172425738e-10	5.47110967641e-10
4.23573881086e-10	-8.58345672317e-10
4.25423504793e-10	-2.60079269232e-09
4.27273128499e-10	-3.70061403743e-09
4.29122752206e-10	-3.57001117557e-09
4.30972375912e-10	-2.28219443343e-09
4.32821999619e-10	-4.99730867798e-10
4.34671623325e-10	8.32851398958e-10
4.36521247032e-10	1.02592068174e-09
4.38370870738e-10	4.29018695569e-11
4.40220494445e-10	-1.53005152992e-09
4.42070118151e-10	-2.77878808852e-09
4.43919741858e-10	-2.98795810316e-09
4.45769365564e-10	-2.02712269193e-09
4.47618989271e-10	-4.23033219565e-10
4.49468612977e-10	8.946657859e-10
4.51318236684e-10	1.10757236715e-09
4.5316786039e-10	-9.67022850684e-11
4.55017484097e-10	-2.34129760024e-09
4.56867107803e-10	-4.801418374e-09
4.5871673151e-10	-6.54908305364e-09
4.60566355216e-10	-7.09363545681e-09
4.62415978923e-10	-6.54624354723e-09
4.64265602629e-10	-5.55799006818e-09
4.66115226335e-10	-4.86151519041e-09
4.67964850042e-10	-4.84380047183e-09
4.69814473748e-10	-5.319287677e-09
4.71664097455e-10	-5.5185855885e-09
4.73513721161e-10	-4.33386126986e-09
4.75363344868e-10	-1.00617347787e-09
4.77212968574e-10	4.53325865735e-09
4.79062592281e-10	1.15327409844e-08
4.80912215987e-10	1.85404154252e-08
4.82761839694e-10	2.41891751074e-08
4.846114634e-10	2.77746678989e-08
4.86461087107e-10	2.95142932316e-08
4.88310710813e-10	3.02683993425e-08
4.9016033452e-10	3.0515277416e-08
4.92009958226e-10	2.9604198204e-08
4.93859581933e-10	2.53096796854e-08
4.95709205639e-10	1.47632492897e-08
4.97558829346e-10	-4.0552148306e-09
4.99408453052e-10	-3.05718153015e-08
5.01258076759e-10	-6.08604722174e-08
5.03107700465e-10	-8.82088357912e-08
5.04957324172e-10	-1.05009121398e-07
5.06806947878e-10	-1.05313894494e-07
5.08656571584e-10	-8.70116210194e-08
5.10506195291e-10	-5.27565937603e-08
5.12355818997e-10	-9.58453139077e-09
5.14205442704e-10	3.30902096835e-08
5.1605506641e-10	6.60366765715e-08
5.17904690117e-10	8.28802697583e-08
5.19754313823e-10	8.17800582809e-08
5.2160393753e-10	6.56231478047e-08
5.23453561236e-10	4.07571043581e-08
5.25303184943e-10	1.46593350792e-08
5.27152808649e-10	-6.45852571424e-09
5.29002432356e-10	-1.92706313129e-08
5.30852056062e-10	-2.3587936937e-08
5.32701679769e-10	-2.15412256921e-08
5.34551303475e-10	-1.61060942361e-08
5.36400927182e-10	-9.9013437449e-09
5.38250550888e-10	-4.56051507669e-09
5.40100174595e-10	-7.92192866861e-10
5.41949798301e-10	1.25926835626e-09
5.43799422008e-10	1.74084380244e-09
5.45649045714e-10	9.24130549862e-10
5.47498669421e-10	-5.90684501312e-10
5.49348293127e-10	-2.05518979612e-09
5.51197916834e-10	-2.70504130206e-09
5.5304754054e-10	-2.19801465917e-09
5.54897164246e-10	-8.18414502834e-10
5.56746787953e-10	6.02224381474e-10
5.58596411659e-10	1.14683029739e-09
5.60446035366e-10	3.79689141239e-10
5.62295659072e-10	-1.42037659412e-09
5.64145282779e-10	-3.31832139544e-09
5.65994906485e-10	-4.23798196536e-09
5.67844530192e-10	-3.58918716969e-09
5.69694153898e-10	-1.59456015059e-09
5.71543777605e-10	7.90217835611e-10
5.73393401311e-10	2.2876491812e-09
5.75243025018e-10	1.99886596164e-09
5.77092648724e-10	-1.83040943513e-10
5.78942272431e-10	-3.4933158588e-09
5.80791896137e-10	-6.66392363513e-09
5.82641519844e-10	-8.51049897221e-09
5.8449114355e-10	-8.53458725913e-09
5.86340767257e-10	-7.07194658389e-09
5.88190390963e-10	-5.07761166446e-09
5.9004001467e-10	-3.55782270312e-09
5.91889638376e-10	-2.99065128218e-09
5.93739262083e-10	-3.06021741281e-09
5.95588885789e-10	-2.77251155367e-09
5.97438509495e-10	-1.01655706075e-09
5.99288133202e-10	2.95379054549e-09
6.01137756908e-10	9.02336871889e-09
6.02987380615e-10	1.61617350614e-08
6.04837004321e-10	2.28314878115e-08
6.06686628028e-10	2.76986877878e-08
6.08536251734e-10	3.00308364842e-08
6.10385875441e-10	3.00267686271e-08
6.12235499147e-10	2.83274541601e-08
6.14085122854e-10	2.52389380506e-08
6.1593474656e-10	2.00910577064e-08
6.17784370267e-10	1.11781766066e-08
6.19633993973e-10	-3.41027606154e-09
6.2148361768e-10	-2.43461659721e-08
6.23333241386e-10	-4.98275447569e-08
6.25182865093e-10	-7.5205392136e-08
6.27032488799e-10	-9.40312503417e-08
6.28882112506e-10	-1.00010119297e-07
6.30731736212e-10	-8.93504221722e-08
6.32581359919e-10	-6.23184845949e-08
6.34430983625e-10	-2.36008972365e-08
6.36280607332e-10	1.88132425194e-08
6.38130231038e-10	5.5777917396e-08
6.39979854745e-10	7.9541230491e-08
6.41829478451e-10	8.5855113241e-08
6.43679102157e-10	7.50991944187e-08
6.45528725864e-10	5.19509590902e-08
6.4737834957e-10	2.3746606459e-08
6.49227973277e-10	-2.02150807205e-09
6.51077596983e-10	-1.98763885351e-08
6.5292722069e-10	-2.77491967182e-08
6.54776844396e-10	-2.68827555772e-08
6.56626468103e-10	-2.05640020567e-08
6.58476091809e-10	-1.25003465357e-08
6.60325715516e-10	-5.41022071587e-09
6.62175339222e-10	-5.90022641855e-10
6.64024962929e-10	1.90491866725e-09
6.65874586635e-10	2.57025778438e-09
6.67724210342e-10	1.98101512972e-09
6.69573834048e-10	6.34209962325e-10
6.71423457755e-10	-9.35655775081e-10
6.73273081461e-10	-2.14617079664e-09
6.75122705168e-10	-2.45268849675e-09
6.76972328874e-10	-1.70345515471e-09
6.78821952581e-10	-3.37469274747e-10
6.80671576287e-10	8.19519674344e-10
6.82521199994e-10	8.75463479488e-10
6.843708237e-10	-4.13293343993e-10
6.86220447406e-10	-2.54463450311e-09
6.88070071113e-10	-4.36564828732e-09
6.89919694819e-10	-4.78886397204e-09
6.91769318526e-10	-3.39091732471e-09
6.93618942232e-10	-6.80500988892e-10
6.95468565939e-10	2.00694838526e-09
6.97318189645e-10	3.22280957477e-09
6.99167813352e-10	2.12459183579e-09
7.01017437058e-10	-1.11354891974e-09
7.02867060765e-10	-5.30548005528e-09
7.04716684471e-10	-8.80864270414e-09
7.06566308178e-10	-1.03199111479e-08
7.08415931884e-10	-9.43138012133e-09
7.10265555591e-10	-6.80512801665e-09
7.12115179297e-10	-3.73903841222e-09
7.13964803004e-10	-1.47507306369e-09
7.1581442671e-10	-5.0040749322e-10
7.17664050417e-10	-3.44611894576e-10
7.19513674123e-10	2.06350700416e-10
7.2136329783e-10	2.40099473636e-09
7.23212921536e-10	6.8642398432e-09
7.25062545243e-10	1.32237287787e-08
7.26912168949e-10	2.02275796113e-08
7.28761792656e-10	2.61846153649e-08
7.30611416362e-10	2.97004092431e-08
7.32461040068e-10	3.01539415659e-08
7.34310663775e-10	2.7765329591e-08
7.36160287481e-10	2.31339090107e-08
7.38009911188e-10	1.65827742649e-08
7.39859534894e-10	7.70252217563e-09
7.41709158601e-10	-4.66214888917e-09
7.43558782307e-10	-2.14267625864e-08
7.45408406014e-10	-4.21752162083e-08
7.4725802972e-10	-6.42709707677e-08
7.49107653427e-10	-8.29032700267e-08
7.50957277133e-10	-9.23373804085e-08
7.5280690084e-10	-8.79337704873e-08
7.54656524546e-10	-6.80488412286e-08
7.56506148253e-10	-3.50849589381e-08
7.58355771959e-10	4.83094186876e-09
7.60205395666e-10	4.33776747855e-08
7.62055019372e-10	7.23226847299e-08
7.63904643079e-10	8.57800159793e-08
7.65754266785e-10	8.17891319116e-08
7.67603890492e-10	6.28208951525e-08
7.69453514198e-10	3.49179707371e-08
7.71303137905e-10	5.82523540515e-09
7.73152761611e-10	-1.74104108908e-08
7.75002385317e-10	-3.04863725376e-08
7.76852009024e-10	-3.27620242047e-08
7.7870163273e-10	-2.68364761524e-08
7.80551256437e-10	-1.69752691903e-08
7.82400880143e-10	-7.28492643987e-09
7.8425050385e-10	-3.42446127011e-10
7.86100127556e-10	3.16560866409e-09
7.87949751263e-10	3.92361654278e-09
7.89799374969e-10	3.06668446193e-09
7.91648998676e-10	1.55783741462e-09
7.93498622382e-10	-4.35352379147e-11
7.95348246089e-10	-1.41168876588e-09
7.97197869795e-10	-2.20688622932e-09
7.99047493502e-10	-2.17390905277e-09
8.00897117208e-10	-1.31845079299e-09
8.02746740915e-10	-1.06570814673e-10
8.04596364621e-10	6.59668153435e-10
8.06445988328e-10	2.59577387363e-10
8.08295612034e-10	-1.37952604895e-09
8.10145235741e-10	-3.55746210268e-09
8.11994859447e-10	-5.05984587562e-09
8.13844483154e-10	-4.84139217605e-09
8.1569410686e-10	-2.70882161146e-09
8.17543730567e-10	4.70763372729e-10
8.19393354273e-10	3.11493852934e-09
8.21242977979e-10	3.71853214887e-09
8.23092601686e-10	1.59675583866e-09
8.24942225392e-10	-2.67021293965e-09
8.26791849099e-10	-7.46124051432e-09
8.28641472805e-10	-1.08960485079e-08
8.30491096512e-10	-1.1620939766e-08
8.32340720218e-10	-9.49326306454e-09
8.34190343925e-10	-5.56172619071e-09
8.36039967631e-10	-1.47752732271e-09
8.37889591338e-10	1.35456479367e-09
8.39739215044e-10	2.49243692352e-09
8.41588838751e-10	2.65703459235e-09
8.43438462457e-10	3.28549520923e-09
8.45288086164e-10	5.72419400768e-09
8.4713770987e-10	1.04822586167e-08
8.48987333577e-10	1.69126934679e-08
8.50836957283e-10	2.34241266384e-08
8.5268658099e-10	2.82015317765e-08
8.54536204696e-10	2.98598585857e-08
8.56385828403e-10	2.79020095917e-08
8.58235452109e-10	2.26990461982e-08
8.60085075816e-10	1.50214543027e-08
8.61934699522e-10	5.37018829405e-09
8.63784323228e-10	-6.35049568487e-09
8.65633946935e-10	-2.06407406722e-08
8.67483570641e-10	-3.75830531141e-08
8.69333194348e-10	-5.60168906816e-08
8.71182818054e-10	-7.28654541149e-08
8.73032441761e-10	-8.36089881773e-08
8.74882065467e-10	-8.3660026462e-08
8.76731689174e-10	-7.01217572896e-08
8.7858131288e-10	-4.3373486136e-08
8.80430936587e-10	-7.52966666795e-09
8.82280560293e-10	3.04480494151e-08
8.84130184e-10	6.25304039659e-08
8.85979807706e-10	8.19235665972e-08
8.87829431413e-10	8.48425898425e-08
8.89679055119e-10	7.16023151881e-08
8.91528678826e-10	4.64338185679e-08
8.93378302532e-10	1.62607651788e-08
8.95227926239e-10	-1.13076454866e-08
8.97077549945e-10	-3.01813756209e-08
8.98927173652e-10	-3.74743294174e-08
9.00776797358e-10	-3.40305241764e-08
9.02626421065e-10	-2.36602506476e-08
9.04476044771e-10	-1.12990994339e-08
9.06325668477e-10	-1.13741416286e-09
9.08175292184e-10	4.68981387058e-09
9.1002491589e-10	6.24511242719e-09
9.11874539597e-10	4.99974284196e-09
9.13724163303e-10	2.70004441028e-09
9.1557378701e-10	5.47569156684e-10
9.17423410716e-10	-9.95394100478e-10
9.19273034423e-10	-1.88152982084e-09
9.21122658129e-10	-2.17461915142e-09
9.22972281836e-10	-1.84758586208e-09
9.24821905542e-10	-1.01895325511e-09
9.26671529249e-10	-1.14182163724e-10
9.28521152955e-10	2.15293158301e-10
9.30370776662e-10	-5.46426126569e-10
9.32220400368e-10	-2.32199970363e-09
9.34070024075e-10	-4.30436708498e-09
9.35919647781e-10	-5.28688337553e-09
9.37769271488e-10	-4.39224612236e-09
9.39618895194e-10	-1.69018277152e-09
9.41468518901e-10	1.67225244763e-09
9.43318142607e-10	3.9465071211e-09
9.45167766314e-10	3.6529388403e-09
9.4701739002e-10	4.48488801652e-10
9.48867013727e-10	-4.67024685591e-09
9.50716637433e-10	-9.7120507192e-09
9.52566261139e-10	-1.25956880481e-08
9.54415884846e-10	-1.2137295613e-08
9.56265508552e-10	-8.54157633512e-09
9.58115132259e-10	-3.30149818595e-09
9.59964755965e-10	1.63269575637e-09
9.61814379672e-10	4.73826800018e-09
9.63664003378e-10	5.75667469249e-09
9.65513627085e-10	5.68300162485e-09
9.67363250791e-10	6.20039264376e-09
9.69212874498e-10	8.70492300464e-09
9.71062498204e-10	1.35514346411e-08
9.72912121911e-10	1.9745341362e-08
9.74761745617e-10	2.54117598075e-08
9.76611369324e-10	2.85651715615e-08
9.7846099303e-10	2.79011835858e-08
9.80310616737e-10	2.31754562208e-08
9.82160240443e-10	1.50663694853e-08
9.8400986415e-10	4.58632065659e-09
9.85859487856e-10	-7.44324202273e-09
9.87709111563e-10	-2.07330135282e-08
9.89558735269e-10	-3.5243921559e-08
9.91408358976e-10	-5.04834218873e-08
9.93257982682e-10	-6.47950955113e-08
9.95107606388e-10	-7.51367110752e-08
9.96957230095e-10	-7.76718280804e-08
9.98806853801e-10	-6.91152521881e-08
1.00065647751e-09	-4.83449227318e-08
1.00250610121e-09	-1.7492121529e-08
1.00435572492e-09	1.81888726303e-08
1.00620534863e-09	5.14707352295e-08
1.00805497233e-09	7.52000914872e-08
1.00990459604e-09	8.43455936206e-08
1.01175421975e-09	7.73641346541e-08
1.01360384345e-09	5.65955780019e-08
1.01545346716e-09	2.76234466412e-08
1.01730309087e-09	-2.30931829215e-09
1.01915271457e-09	-2.62189026046e-08
1.02100233828e-09	-3.93753261108e-08
1.02285196199e-09	-4.04463733616e-08
1.02470158569e-09	-3.17112451853e-08
1.0265512094e-09	-1.78937593631e-08
1.02840083311e-09	-4.28054125479e-09
1.03025045681e-09	5.18976195352e-09
1.03210008052e-09	9.06574193493e-09
1.03394970422e-09	8.25291213147e-09
1.03579932793e-09	4.98830221574e-09
1.03764895164e-09	1.49099677049e-09
1.03949857534e-09	-9.32929067332e-10
1.04134819905e-09	-2.06056016694e-09
1.04319782276e-09	-2.27028240651e-09
1.04504744646e-09	-2.0020800573e-09
1.04689707017e-09	-1.47178980114e-09
1.04874669388e-09	-8.25779833402e-10
1.05059631758e-09	-3.3638089536e-10
1.05244594129e-09	-4.27473778597e-10
1.054295565e-09	-1.42764511324e-09
1.0561451887e-09	-3.11606895842e-09
1.05799481241e-09	-4.68562966205e-09
1.05984443612e-09	-5.04643571375e-09
1.06169405982e-09	-3.54876750208e-09
1.06354368353e-09	-5.01752861481e-10
1.06539330723e-09	2.7225377508e-09
1.06724293094e-09	4.31178115434e-09
1.06909255465e-09	2.99626190525e-09
1.07094217835e-09	-1.22789833856e-09
1.07279180206e-09	-6.91214951942e-09
1.07464142577e-09	-1.17485141615e-08
1.07649104947e-09	-1.36392097616e-08
1.07834067318e-09	-1.16772929104e-08
1.08019029689e-09	-6.50808740232e-09
1.08203992059e-09	-8.42951611291e-11
1.0838895443e-09	5.38074651502e-09
1.08573916801e-09	8.41253200434e-09
1.08758879171e-09	8.98849972231e-09
1.08943841542e-09	8.43867109523e-09
1.09128803913e-09	8.66004512545e-09
1.09313766283e-09	1.10845324031e-08
1.09498728654e-09	1.57814010748e-08
1.09683691024e-09	2.14484217054e-08
1.09868653395e-09	2.58918504414e-08
1.10053615766e-09	2.70347371156e-08
1.10238578136e-09	2.37463755326e-08
1.10423540507e-09	1.61403388432e-08
1.10608502878e-09	5.3018327506e-09
1.10793465248e-09	-7.35779259742e-09
1.10978427619e-09	-2.07067252234e-08
1.1116338999e-09	-3.41214096977e-08
1.1134835236e-09	-4.71639580724e-08
1.11533314731e-09	-5.90178714788e-08
1.11718277102e-09	-6.79417766491e-08
1.11903239472e-09	-7.12211658538e-08
1.12088201843e-09	-6.59428209815e-08
1.12273164214e-09	-5.02531349866e-08
1.12458126584e-09	-2.46330351672e-08
1.12643088955e-09	7.48886641588e-09
1.12828051325e-09	4.01906063985e-08
1.13013013696e-09	6.65987016646e-08
1.13197976067e-09	8.0881136455e-08
1.13382938437e-09	7.99726507239e-08
1.13567900808e-09	6.44424957841e-08
1.13752863179e-09	3.83650338165e-08
1.13937825549e-09	8.13710876457e-09
1.1412278792e-09	-1.92066575977e-08
1.14307750291e-09	-3.77815361219e-08
1.14492712661e-09	-4.4420101375e-08
1.14677675032e-09	-3.94251955527e-08
1.14862637403e-09	-2.62743107271e-08
1.15047599773e-09	-1.03058033218e-08
1.15232562144e-09	3.24088622605e-09
1.15417524515e-09	1.09708517826e-08
1.15602486885e-09	1.22742598307e-08
1.15787449256e-09	8.93395668555e-09
1.15972411627e-09	3.85395804159e-09
1.16157373997e-09	-4.31336438789e-10
1.16342336368e-09	-2.70645905687e-09
1.16527298738e-09	-3.09883407823e-09
1.16712261109e-09	-2.47698883626e-09
1.1689722348e-09	-1.66584401828e-09
1.1708218585e-09	-1.06833997204e-09
1.17267148221e-09	-7.4114248072e-10
1.17452110592e-09	-7.35357275072e-10
1.17637072962e-09	-1.2034548913e-09
1.17822035333e-09	-2.27131446984e-09
1.18006997704e-09	-3.66369645732e-09
1.18191960074e-09	-4.67497907053e-09
1.18376922445e-09	-4.40210357056e-09
1.18561884816e-09	-2.44039410902e-09
1.18746847186e-09	6.57501719736e-10
1.18931809557e-09	3.42559336453e-09
1.19116771928e-09	4.13200096361e-09
1.19301734298e-09	1.76008074781e-09
1.19486696669e-09	-3.27442650772e-09
1.19671659039e-09	-9.12109676676e-09
1.1985662141e-09	-1.32942359343e-08
1.20041583781e-09	-1.38064244481e-08
1.20226546151e-09	-1.0121741667e-08
1.20411508522e-09	-3.43845507622e-09
1.20596470893e-09	3.89546306323e-09
1.20781433263e-09	9.4978744869e-09
1.20966395634e-09	1.20459713315e-08
1.21151358005e-09	1.18535696814e-08
1.21336320375e-09	1.06190096716e-08
1.21521282746e-09	1.04178319305e-08
1.21706245117e-09	1.25909664916e-08
1.21891207487e-09	1.69485634416e-08
1.22076169858e-09	2.17919708945e-08
1.22261132229e-09	2.46813378624e-08
1.22446094599e-09	2.35353194711e-08
1.2263105697e-09	1.75111161127e-08
1.2281601934e-09	7.16381798327e-09
1.23000981711e-09	-5.89015813901e-09
1.23185944082e-09	-1.98376728378e-08
1.23370906452e-09	-3.32487211097e-08
1.23555868823e-09	-4.52733353029e-08
1.23740831194e-09	-5.53328156627e-08
1.23925793564e-09	-6.25517770914e-08
1.24110755935e-09	-6.53895781966e-08
1.24295718306e-09	-6.17369124711e-08
1.24480680676e-09	-4.97528667154e-08
1.24665643047e-09	-2.89035444467e-08
1.24850605418e-09	-1.0061537159e-09
1.25035567788e-09	2.96327620219e-08
1.25220530159e-09	5.70177824954e-08
1.2540549253e-09	7.5114428455e-08
1.255904549e-09	7.96826640226e-08
1.25775417271e-09	6.96767727959e-08
1.25960379641e-09	4.75692694124e-08
1.26145342012e-09	1.86598363427e-08
1.26330304383e-09	-1.03551220931e-08
1.26515266753e-09	-3.31259428776e-08
1.26700229124e-09	-4.52176678323e-08
1.26885191495e-09	-4.51790143075e-08
1.27070153865e-09	-3.47859305805e-08
1.27255116236e-09	-1.84609394438e-08
1.27440078607e-09	-1.77636561016e-09
1.27625040977e-09	1.04294493042e-08
1.27810003348e-09	1.55696220361e-08
1.27994965719e-09	1.39573650415e-08
1.28179928089e-09	8.20053180917e-09
1.2836489046e-09	1.7038588318e-09
1.28549852831e-09	-2.86377543901e-09
1.28734815201e-09	-4.54748683154e-09
1.28919777572e-09	-3.94627619471e-09
1.29104739943e-09	-2.42716069465e-09
1.29289702313e-09	-1.16494591751e-09
1.29474664684e-09	-6.40416109032e-10
1.29659627054e-09	-7.69255048549e-10
1.29844589425e-09	-1.27466270872e-09
1.30029551796e-09	-2.03054728587e-09
1.30214514166e-09	-2.99098212864e-09
1.30399476537e-09	-3.92499632795e-09
1.30584438908e-09	-4.28152491239e-09
1.30769401278e-09	-3.44481421166e-09
1.30954363649e-09	-1.24587706818e-09
1.3113932602e-09	1.61027413625e-09
1.3132428839e-09	3.66618579939e-09
1.31509250761e-09	3.36599037531e-09
1.31694213132e-09	5.93753934908e-11
1.31879175502e-09	-5.45130873775e-09
1.32064137873e-09	-1.10211111348e-08
1.32249100244e-09	-1.40936169402e-08
1.32434062614e-09	-1.29241772839e-08
1.32619024985e-09	-7.4768520264e-09
1.32803987355e-09	5.21739818016e-10
1.32988949726e-09	8.37427815981e-09
1.33173912097e-09	1.36439375353e-08
1.33358874467e-09	1.52846872936e-08
1.33543836838e-09	1.40436391405e-08
1.33728799209e-09	1.19570060519e-08
1.33913761579e-09	1.12317062317e-08
1.3409872395e-09	1.30566544243e-08
1.34283686321e-09	1.68811844503e-08
1.34468648691e-09	2.0645433807e-08
1.34653611062e-09	2.17393321122e-08
1.34838573433e-09	1.81781842912e-08
1.35023535803e-09	9.49865608391e-09
1.35208498174e-09	-3.15715986687e-09
1.35393460545e-09	-1.76687144915e-08
1.35578422915e-09	-3.18019388601e-08
1.35763385286e-09	-4.3935376226e-08
1.35948347656e-09	-5.31722506025e-08
1.36133310027e-09	-5.9042598366e-08
1.36318272398e-09	-6.08727717122e-08
1.36503234768e-09	-5.75667336022e-08
1.36688197139e-09	-4.77775614627e-08
1.3687315951e-09	-3.06969312192e-08
1.3705812188e-09	-6.97874735778e-09
1.37243084251e-09	2.06182644291e-08
1.37428046622e-09	4.7395200653e-08
1.37613008992e-09	6.77601335042e-08
1.37797971363e-09	7.68654331296e-08
1.37982933734e-09	7.22713338064e-08
1.38167896104e-09	5.47928955541e-08
1.38352858475e-09	2.84231056469e-08
1.38537820846e-09	-7.82561127011e-10
1.38722783216e-09	-2.63655604016e-08
1.38907745587e-09	-4.31054942851e-08
1.39092707958e-09	-4.81961386356e-08
1.39277670328e-09	-4.1873491341e-08
1.39462632699e-09	-2.72071698504e-08
1.39647595069e-09	-9.18932485661e-09
1.3983255744e-09	6.77764377954e-09
1.40017519811e-09	1.654580295e-08
1.40202482181e-09	1.85074089387e-08
1.40387444552e-09	1.3941154009e-08
1.40572406923e-09	6.12785466814e-09
1.40757369293e-09	-1.22217413967e-09
1.40942331664e-09	-5.5297761925e-09
1.41127294035e-09	-6.22418427909e-09
1.41312256405e-09	-4.45381598269e-09
1.41497218776e-09	-2.06242534162e-09
1.41682181147e-09	-4.98426466766e-10
1.41867143517e-09	-2.18217957593e-10
1.42052105888e-09	-9.00361118994e-10
1.42237068259e-09	-1.90705229386e-09
1.42422030629e-09	-2.83620527064e-09
1.42606993e-09	-3.53102103112e-09
1.4279195537e-09	-3.86836740418e-09
1.42976917741e-09	-3.57044105392e-09
1.43161880112e-09	-2.29932006768e-09
1.43346842482e-09	-1.16867474032e-10
1.43531804853e-09	2.22288631946e-09
1.43716767224e-09	3.37344574497e-09
1.43901729594e-09	2.09013717445e-09
1.44086691965e-09	-1.92416127476e-09
1.44271654336e-09	-7.50495132706e-09
1.44456616706e-09	-1.23304744193e-08
1.44641579077e-09	-1.39318112602e-08
1.44826541448e-09	-1.09382671809e-08
1.45011503818e-09	-3.83769949153e-09
1.45196466189e-09	5.1349458019e-09
1.4538142856e-09	1.30048656288e-08
1.4556639093e-09	1.74497145622e-08
1.45751353301e-09	1.78012182772e-08
1.45936315671e-09	1.52696646438e-08
1.46121278042e-09	1.22365708677e-08
1.46306240413e-09	1.09609956667e-08
1.46491202783e-09	1.23615846448e-08
1.46676165154e-09	1.55091299803e-08
1.46861127525e-09	1.80170331987e-08
1.47046089895e-09	1.71707217334e-08
1.47231052266e-09	1.12276508091e-08
1.47416014637e-09	2.26370061585e-10
1.47600977007e-09	-1.41040779056e-08
1.47785939378e-09	-2.90981372331e-08
1.47970901749e-09	-4.22129815547e-08
1.48155864119e-09	-5.17870653027e-08
1.4834082649e-09	-5.71004932226e-08
1.48525788861e-09	-5.79833887571e-08
1.48710751231e-09	-5.42355991229e-08
1.48895713602e-09	-4.53371704623e-08
1.49080675972e-09	-3.07407397315e-08
1.49265638343e-09	-1.05477084844e-08
1.49450600714e-09	1.36759075176e-08
1.49635563084e-09	3.86395306862e-08
1.49820525455e-09	5.96937184127e-08
1.50005487826e-09	7.20448980474e-08
1.50190450196e-09	7.23040542994e-08
1.50375412567e-09	5.97683609271e-08
1.50560374938e-09	3.69032839842e-08
1.50745337308e-09	8.77386074905e-09
1.50930299679e-09	-1.83630337602e-08
1.5111526205e-09	-3.87617262732e-08
1.5130022442e-09	-4.85820983442e-08
1.51485186791e-09	-4.67710847829e-08
1.51670149162e-09	-3.50986759656e-08
1.51855111532e-09	-1.75885865872e-08
1.52040073903e-09	5.73500469336e-10
1.52225036274e-09	1.44870053731e-08
1.52409998644e-09	2.098248153e-08
1.52594961015e-09	1.95224050259e-08
1.52779923385e-09	1.22433148064e-08
1.52964885756e-09	2.93212787383e-09
1.53149848127e-09	-4.60840920979e-09
1.53334810497e-09	-8.11206479767e-09
1.53519772868e-09	-7.51733697513e-09
1.53704735239e-09	-4.50799975127e-09
1.53889697609e-09	-1.36376476778e-09
1.5407465998e-09	3.10914127777e-10
1.54259622351e-09	1.68793340416e-10
1.54444584721e-09	-1.12828102417e-09
1.54629547092e-09	-2.59183452478e-09
1.54814509463e-09	-3.56024099091e-09
1.54999471833e-09	-3.85143783532e-09
1.55184434204e-09	-3.52279139193e-09
1.55369396575e-09	-2.6165689615e-09
1.55554358945e-09	-1.10007603027e-09
1.55739321316e-09	8.11716027727e-10
1.55924283686e-09	2.40383601913e-09
1.56109246057e-09	2.57540766491e-09
1.56294208428e-09	4.24237284191e-10
1.56479170798e-09	-3.95487242955e-09
1.56664133169e-09	-9.15876707808e-09
1.5684909554e-09	-1.28159660662e-08
1.5703405791e-09	-1.26950343571e-08
1.57219020281e-09	-7.87407294922e-09
1.57403982652e-09	5.96439897471e-10
1.57588945022e-09	1.00574419903e-08
1.57773907393e-09	1.74130327935e-08
1.57958869764e-09	2.05508783324e-08
1.58143832134e-09	1.92769746832e-08
1.58328794505e-09	1.5318265767e-08
1.58513756876e-09	1.13309637229e-08
1.58698719246e-09	9.51783096781e-09
1.58883681617e-09	1.04859667616e-08
1.59068643987e-09	1.28785648812e-08
1.59253606358e-09	1.40183180619e-08
1.59438568729e-09	1.12268923047e-08
1.59623531099e-09	3.12247538936e-09
1.5980849347e-09	-9.68742508434e-09
1.59993455841e-09	-2.48517721957e-08
1.60178418211e-09	-3.92416588113e-08
1.60363380582e-09	-5.01638943717e-08
1.60548342953e-09	-5.60847617237e-08
1.60733305323e-09	-5.66693714177e-08
1.60918267694e-09	-5.22866123731e-08
1.61103230065e-09	-4.33192148819e-08
1.61288192435e-09	-2.99053084518e-08
1.61473154806e-09	-1.22167342909e-08
1.61658117177e-09	8.92938256669e-09
1.61843079547e-09	3.14400132595e-08
1.62028041918e-09	5.1851422711e-08
1.62213004288e-09	6.5970112928e-08
1.62397966659e-09	7.00822155864e-08
1.6258292903e-09	6.23366034347e-08
1.627678914e-09	4.36386180525e-08
1.62952853771e-09	1.77417653902e-08
1.63137816142e-09	-9.72009406297e-09
1.63322778512e-09	-3.27830740332e-08
1.63507740883e-09	-4.67648071378e-08
1.63692703254e-09	-4.94437024656e-08
1.63877665624e-09	-4.14024121653e-08
1.64062627995e-09	-2.56974690416e-08
1.64247590366e-09	-6.95011959095e-09
1.64432552736e-09	9.84385373215e-09
1.64617515107e-09	2.06322230412e-08
1.64802477478e-09	2.33469226174e-08
1.64987439848e-09	1.85311730405e-08
1.65172402219e-09	9.05487418379e-09
1.6535736459e-09	-1.02919583966e-09
1.6554232696e-09	-8.09324873785e-09
1.65727289331e-09	-1.03179820243e-08
1.65912251701e-09	-8.22890022789e-09
1.66097214072e-09	-4.04623667905e-09
1.66282176443e-09	-3.54916152023e-10
1.66467138813e-09	1.20691234784e-09
1.66652101184e-09	4.90548601739e-10
1.66837063555e-09	-1.4590433306e-09
1.67022025925e-09	-3.29485572159e-09
1.67206988296e-09	-4.1649186322e-09
1.67391950667e-09	-3.93904286966e-09
1.67576913037e-09	-2.9328535156e-09
1.67761875408e-09	-1.52665879938e-09
1.67946837779e-09	3.00721322843e-11
1.68131800149e-09	1.43888789772e-09
1.6831676252e-09	2.13311213138e-09
1.68501724891e-09	1.34341981983e-09
1.68686687261e-09	-1.43432055122e-09
1.68871649632e-09	-5.78808334595e-09
1.69056612002e-09	-1.01654160645e-08
1.69241574373e-09	-1.2315389597e-08
1.69426536744e-09	-1.03525064077e-08
1.69611499114e-09	-3.89240772947e-09
1.69796461485e-09	5.52525003528e-09
1.69981423856e-09	1.49127323823e-08
1.70166386226e-09	2.11918305126e-08
1.70351348597e-09	2.25965166578e-08
1.70536310968e-09	1.9483950453e-08
1.70721273338e-09	1.40516460689e-08
1.70906235709e-09	9.18048836951e-09
1.7109119808e-09	6.93622004277e-09
1.7127616045e-09	7.51058060189e-09
1.71461122821e-09	9.12061626224e-09
1.71646085192e-09	8.89655282776e-09
1.71831047562e-09	4.2917518428e-09
1.72016009933e-09	-5.60113244674e-09
1.72200972303e-09	-1.95328571095e-08
1.72385934674e-09	-3.4569413998e-08
1.72570897045e-09	-4.72692676112e-08
1.72755859415e-09	-5.49417151774e-08
1.72940821786e-09	-5.64001823022e-08
1.73125784157e-09	-5.19022265166e-08
1.73310746527e-09	-4.24665316245e-08
1.73495708898e-09	-2.91479480552e-08
1.73680671269e-09	-1.27112844694e-08
1.73865633639e-09	6.1389107131e-09
1.7405059601e-09	2.61483918962e-08
1.74235558381e-09	4.50212311875e-08
1.74420520751e-09	5.9529046581e-08
1.74605483122e-09	6.62125145823e-08
1.74790445493e-09	6.25785787634e-08
1.74975407863e-09	4.82590536421e-08
1.75160370234e-09	2.55327101684e-08
1.75345332604e-09	-1.00309538453e-09
1.75530294975e-09	-2.56256029729e-08
1.75715257346e-09	-4.30891375913e-08
1.75900219716e-09	-5.00712928897e-08
1.76085182087e-09	-4.59721576362e-08
1.76270144458e-09	-3.28508562575e-08
1.76455106828e-09	-1.47043053289e-08
1.76640069199e-09	3.64893204541e-09
1.7682503157e-09	1.77791932288e-08
1.7700999394e-09	2.46637412715e-08
1.77194956311e-09	2.34559198731e-08
1.77379918682e-09	1.56792996364e-08
1.77564881052e-09	4.71776040456e-09
1.77749843423e-09	-5.35504840471e-09
1.77934805794e-09	-1.12889120274e-08
1.78119768164e-09	-1.18802745419e-08
1.78304730535e-09	-8.25267054694e-09
1.78489692906e-09	-3.05987279958e-09
1.78674655276e-09	9.10205577576e-10
1.78859617647e-09	2.10544071066e-09
1.79044580017e-09	6.99085567213e-10
1.79229542388e-09	-1.88456583672e-09
1.79414504759e-09	-3.98815469538e-09
1.79599467129e-09	-4.63318095001e-09
1.797844295e-09	-3.80719278326e-09
1.79969391871e-09	-2.1592025945e-09
1.80154354241e-09	-4.0366920917e-10
1.80339316612e-09	9.83429448986e-10
1.80524278983e-09	1.71092517931e-09
1.80709241353e-09	1.44426615112e-09
1.80894203724e-09	-1.80240503078e-10
1.81079166095e-09	-3.27452553961e-09
1.81264128465e-09	-7.17673875883e-09
1.81449090836e-09	-1.03351078806e-08
1.81634053207e-09	-1.07524744664e-08
1.81819015577e-09	-7.00411018073e-09
1.82003977948e-09	7.63162588679e-10
1.82188940318e-09	1.05778745763e-08
1.82373902689e-09	1.92816802524e-08
1.8255886506e-09	2.39620447928e-08
1.8274382743e-09	2.33126442595e-08
1.82928789801e-09	1.8253416556e-08
1.83113752172e-09	1.14362581627e-08
1.83298714542e-09	5.85132742259e-09
1.83483676913e-09	3.32507577028e-09
1.83668639284e-09	3.60125751442e-09
1.83853601654e-09	4.49168435779e-09
1.84038564025e-09	2.99178481988e-09
1.84223526396e-09	-3.16678816503e-09
1.84408488766e-09	-1.43220635351e-08
1.84593451137e-09	-2.85807448819e-08
1.84778413508e-09	-4.2508911946e-08
1.84963375878e-09	-5.2498272396e-08
1.85148338249e-09	-5.60954198647e-08
1.85333300619e-09	-5.26669161616e-08
1.8551826299e-09	-4.31740438955e-08
1.85703225361e-09	-2.93871877943e-08
1.85888187731e-09	-1.30075825666e-08
1.86073150102e-09	4.72184780165e-09
1.86258112473e-09	2.27792735785e-08
1.86443074843e-09	3.97716313216e-08
1.86628037214e-09	5.35795336987e-08
1.86812999585e-09	6.14680359945e-08
1.86997961955e-09	6.09050161415e-08
1.87182924326e-09	5.0643105709e-08
1.87367886697e-09	3.16202886097e-08
1.87552849067e-09	7.12945391612e-09
1.87737811438e-09	-1.78115406868e-08
1.87922773809e-09	-3.7835448552e-08
1.88107736179e-09	-4.87714437725e-08
1.8829269855e-09	-4.87857008125e-08
1.8847766092e-09	-3.88147469721e-08
1.88662623291e-09	-2.21105054266e-08
1.88847585662e-09	-3.2214602097e-09
1.89032548032e-09	1.3239715102e-08
1.89217510403e-09	2.36799646558e-08
1.89402472774e-09	2.62785420091e-08
1.89587435144e-09	2.13666595528e-08
1.89772397515e-09	1.12751772363e-08
1.89957359886e-09	-3.25078908237e-10
1.90142322256e-09	-9.58696411146e-09
1.90327284627e-09	-1.38590996457e-08
1.90512246998e-09	-1.26078383289e-08
1.90697209368e-09	-7.52665751946e-09
1.90882171739e-09	-1.61216995309e-09
1.9106713411e-09	2.31846475351e-09
1.9125209648e-09	2.93130519857e-09
1.91437058851e-09	7.47184147887e-10
1.91622021222e-09	-2.41768494114e-09
1.91806983592e-09	-4.64764271513e-09
1.91991945963e-09	-4.94585172817e-09
1.92176908333e-09	-3.49577478076e-09
1.92361870704e-09	-1.2759987511e-09
1.92546833075e-09	6.66808497307e-10
1.92731795445e-09	1.691315199e-09
1.92916757816e-09	1.61309032798e-09
1.93101720187e-09	4.29733360008e-10
1.93286682557e-09	-1.81681181211e-09
1.93471644928e-09	-4.86847717696e-09
1.93656607299e-09	-7.91790366605e-09
1.93841569669e-09	-9.5490610974e-09
1.9402653204e-09	-8.15734502169e-09
1.94211494411e-09	-2.84273515838e-09
1.94396456781e-09	5.75132297342e-09
1.94581419152e-09	1.53423016513e-08
1.94766381523e-09	2.27549357135e-08
1.94951343893e-09	2.53980481091e-08
1.95136306264e-09	2.24997958043e-08
1.95321268634e-09	1.55449093597e-08
1.95506231005e-09	7.54204343423e-09
1.95691193376e-09	1.49500922753e-09
1.95876155746e-09	-1.09769526802e-09
1.96061118117e-09	-9.7368024754e-10
1.96246080488e-09	-6.94237556331e-10
1.96431042858e-09	-3.27066373984e-09
1.96616005229e-09	-1.06087156837e-08
1.968009676e-09	-2.24165805918e-08
1.9698592997e-09	-3.61571039775e-08
1.97170892341e-09	-4.80337156716e-08
1.97355854712e-09	-5.44820508708e-08
1.97540817082e-09	-5.34893160875e-08
1.97725779453e-09	-4.51331381157e-08
1.97910741824e-09	-3.12012637949e-08
1.98095704194e-09	-1.41808200738e-08
1.98280666565e-09	3.70136032934e-09
1.98465628935e-09	2.09087236414e-08
1.98650591306e-09	3.63602339348e-08
1.98835553677e-09	4.88732148085e-08
1.99020516047e-09	5.67413245278e-08
1.99205478418e-09	5.79562424718e-08
1.99390440789e-09	5.09732593912e-08
1.99575403159e-09	3.56831044712e-08
1.9976036553e-09	1.40469165189e-08
1.99945327901e-09	-9.99220883813e-09
2.00130290271e-09	-3.14421804148e-08
2.00315252642e-09	-4.56612099242e-08
2.00500215013e-09	-4.97543588551e-08
2.00685177383e-09	-4.34028777363e-08
2.00870139754e-09	-2.88935435577e-08
2.01055102125e-09	-1.03011759123e-08
2.01240064495e-09	7.68481100977e-09
2.01425026866e-09	2.0993134342e-08
2.01609989236e-09	2.70993485429e-08
2.01794951607e-09	2.54161474089e-08
2.01979913978e-09	1.73334306908e-08
2.02164876348e-09	5.77577718985e-09
2.02349838719e-09	-5.56109336358e-09
2.0253480109e-09	-1.33057707075e-08
2.0271976346e-09	-1.55208983443e-08
2.02904725831e-09	-1.2387341819e-08
2.03089688202e-09	-6.09226802339e-09
2.03274650572e-09	1.8386289713e-10
2.03459612943e-09	3.75232378502e-09
2.03644575314e-09	3.57616158908e-09
2.03829537684e-09	5.95246851809e-10
2.04014500055e-09	-3.04417135943e-09
2.04199462426e-09	-5.26202104112e-09
2.04384424796e-09	-5.10970155077e-09
2.04569387167e-09	-3.02712566125e-09
2.04754349538e-09	-3.53125417796e-10
2.04939311908e-09	1.60157198614e-09
2.05124274279e-09	2.12457917925e-09
2.05309236649e-09	1.1996407201e-09
2.0549419902e-09	-7.90601528688e-10
2.05679161391e-09	-3.37283845298e-09
2.05864123761e-09	-6.00313487809e-09
2.06049086132e-09	-7.86322296165e-09
2.06234048503e-09	-7.78980968619e-09
2.06419010873e-09	-4.66703742319e-09
2.06603973244e-09	1.8422221526e-09
2.06788935615e-09	1.06800221999e-08
2.06973897985e-09	1.93915692392e-08
2.07158860356e-09	2.49716123335e-08
2.07343822727e-09	2.52604941409e-08
2.07528785097e-09	2.00757295232e-08
2.07713747468e-09	1.14194760314e-08
2.07898709839e-09	2.55376320091e-09
2.08083672209e-09	-3.63335161957e-09
2.0826863458e-09	-6.03812733146e-09
2.0845359695e-09	-5.89095172643e-09
2.08638559321e-09	-6.04198424625e-09
2.08823521692e-09	-9.43208000592e-09
2.09008484062e-09	-1.74963634691e-08
2.09193446433e-09	-2.92818675973e-08
2.09378408804e-09	-4.16896561717e-08
2.09563371174e-09	-5.07131048266e-08
2.09748333545e-09	-5.30286961009e-08
2.09933295916e-09	-4.72778083349e-08
2.10118258286e-09	-3.43862183172e-08
2.10303220657e-09	-1.69578964204e-08
2.10488183028e-09	1.88116500155e-09
2.10673145398e-09	1.95642453349e-08
2.10858107769e-09	3.45171429217e-08
2.1104307014e-09	4.58928326452e-08
2.1122803251e-09	5.29438821673e-08
2.11412994881e-09	5.46190506157e-08
2.11597957251e-09	4.97336110072e-08
2.11782919622e-09	3.76675828306e-08
2.11967881993e-09	1.92420426259e-08
2.12152844363e-09	-2.86980705866e-09
2.12337806734e-09	-2.4498174156e-08
2.12522769105e-09	-4.10364400238e-08
2.12707731475e-09	-4.8832571764e-08
2.12892693846e-09	-4.63709852738e-08
2.13077656217e-09	-3.47504069964e-08
2.13262618587e-09	-1.72960898936e-08
2.13447580958e-09	1.45331569001e-09
2.13632543329e-09	1.70613407846e-08
2.13817505699e-09	2.6310550183e-08
2.1400246807e-09	2.78415654975e-08
2.14187430441e-09	2.22490683655e-08
2.14372392811e-09	1.17933449673e-08
2.14557355182e-09	-2.6975580103e-10
2.14742317552e-09	-1.04860102823e-08
2.14927279923e-09	-1.61357789352e-08
2.15112242294e-09	-1.60910289537e-08
2.15297204664e-09	-1.12086278037e-08
2.15482167035e-09	-4.05764222222e-09
2.15667129406e-09	2.17876516828e-09
2.15852091776e-09	5.05565056486e-09
2.16037054147e-09	3.95860455527e-09
2.16222016518e-09	2.13719542064e-10
2.16406978888e-09	-3.75688014032e-09
2.16591941259e-09	-5.80923131821e-09
2.1677690363e-09	-5.12138154107e-09
2.16961866e-09	-2.45346276628e-09
2.17146828371e-09	5.55422485782e-10
2.17331790742e-09	2.36768804562e-09
2.17516753112e-09	2.28139462877e-09
2.17701715483e-09	5.48446454918e-10
2.17886677854e-09	-2.04955341587e-09
2.18071640224e-09	-4.6574433199e-09
2.18256602595e-09	-6.52676623858e-09
2.18441564965e-09	-6.93527812956e-09
2.18626527336e-09	-5.12485787141e-09
2.18811489707e-09	-5.23988685774e-10
2.18996452077e-09	6.69032518275e-09
2.19181414448e-09	1.51318655384e-08
2.19366376819e-09	2.23370761887e-08
2.19551339189e-09	2.56381849084e-08
2.1973630156e-09	2.34205241867e-08
2.19921263931e-09	1.60832094309e-08
2.20106226301e-09	6.06632610811e-09
2.20291188672e-09	-3.25191407136e-09
2.20476151043e-09	-9.19833187396e-09
2.20661113413e-09	-1.11431219807e-08
2.20846075784e-09	-1.07709920982e-08
2.21031038155e-09	-1.11459144136e-08
2.21216000525e-09	-1.50254475528e-08
2.21400962896e-09	-2.33166765895e-08
2.21585925266e-09	-3.44166402044e-08
2.21770887637e-09	-4.47653185631e-08
2.21955850008e-09	-5.03242070238e-08
2.22140812378e-09	-4.82282018766e-08
2.22325774749e-09	-3.79249023297e-08
2.2251073712e-09	-2.12525126386e-08
2.2269569949e-09	-1.59154855961e-09
2.22880661861e-09	1.74746688231e-08
2.23065624232e-09	3.32909948497e-08
2.23250586602e-09	4.450597757e-08
2.23435548973e-09	5.07542843309e-08
2.23620511344e-09	5.19460421344e-08
2.23805473714e-09	4.77832635681e-08
2.23990436085e-09	3.78835345316e-08
2.24175398456e-09	2.24281269112e-08
2.24360360826e-09	2.88745227728e-09
2.24545323197e-09	-1.773372027e-08
2.24730285567e-09	-3.53878384374e-08
2.24915247938e-09	-4.614484439e-08
2.25100210309e-09	-4.75110049081e-08
2.25285172679e-09	-3.93196160076e-08
2.2547013505e-09	-2.385824871e-08
2.25655097421e-09	-5.18522957904e-09
2.25840059791e-09	1.21063727931e-08
2.26025022162e-09	2.41752609043e-08
2.26209984533e-09	2.88483814614e-08
2.26394946903e-09	2.59620716037e-08
2.26579909274e-09	1.7165930899e-08
2.26764871645e-09	5.3083644147e-09
2.26949834015e-09	-6.28739105224e-09
2.27134796386e-09	-1.46318983596e-08
2.27319758757e-09	-1.78015255869e-08
2.27504721127e-09	-1.54920378748e-08
2.27689683498e-09	-9.16163500619e-09
2.27874645868e-09	-1.59016178003e-09
2.28059608239e-09	4.17537870945e-09
2.2824457061e-09	6.0952309866e-09
2.2842953298e-09	4.00191568772e-09
2.28614495351e-09	-4.07464062491e-10
2.28799457722e-09	-4.53369564113e-09
2.28984420092e-09	-6.25996499082e-09
2.29169382463e-09	-4.99513808094e-09
2.29354344834e-09	-1.79549308754e-09
2.29539307204e-09	1.40686251537e-09
2.29724269575e-09	2.94242208376e-09
2.29909231946e-09	2.21217222318e-09
2.30094194316e-09	-2.26763788302e-10
2.30279156687e-09	-3.1947102741e-09
2.30464119058e-09	-5.50368151053e-09
2.30649081428e-09	-6.32572483283e-09
2.30834043799e-09	-5.16558618102e-09
2.3101900617e-09	-1.72980751945e-09
2.3120396854e-09	3.97222565951e-09
2.31388930911e-09	1.12971196842e-08
2.31573893281e-09	1.86888211573e-08
2.31758855652e-09	2.38565558419e-08
2.31943818023e-09	2.45822935341e-08
2.32128780393e-09	1.98718410616e-08
2.32313742764e-09	1.06891713259e-08
2.32498705135e-09	-2.20025164754e-10
2.32683667505e-09	-9.5039078829e-09
2.32868629876e-09	-1.48166279246e-08
2.33053592247e-09	-1.60241295788e-08
2.33238554617e-09	-1.52252130903e-08
2.33423516988e-09	-1.56003174823e-08
2.33608479359e-09	-1.96245508732e-08
2.33793441729e-09	-2.76408442801e-08
2.339784041e-09	-3.7444952028e-08
2.34163366471e-09	-4.51605011165e-08
2.34348328841e-09	-4.68968934797e-08
2.34533291212e-09	-4.04312814339e-08
2.34718253582e-09	-2.61323922501e-08
2.34903215953e-09	-6.75447164866e-09
2.35088178324e-09	1.36807916107e-08
2.35273140694e-09	3.13604431312e-08
2.35458103065e-09	4.38080185461e-08
2.35643065436e-09	5.0170591237e-08
2.35828027806e-09	5.07706907626e-08
2.36012990177e-09	4.6278096022e-08
2.36197952548e-09	3.71597437265e-08
2.36382914918e-09	2.37422366212e-08
2.36567877289e-09	6.76511113795e-09
2.3675283966e-09	-1.19617435956e-08
2.3693780203e-09	-2.94325452899e-08
2.37122764401e-09	-4.20487644703e-08
2.37307726772e-09	-4.67567602414e-08
2.37492689142e-09	-4.22392965049e-08
2.37677651513e-09	-2.95446938026e-08
2.37862613883e-09	-1.18882281797e-08
2.38047576254e-09	6.32233376763e-09
2.38232538625e-09	2.07952783882e-08
2.38417500995e-09	2.8538432062e-08
2.38602463366e-09	2.85369647912e-08
2.38787425737e-09	2.17713527206e-08
2.38972388107e-09	1.0699929831e-08
2.39157350478e-09	-1.49740375655e-09
2.39342312849e-09	-1.17156204738e-08
2.39527275219e-09	-1.76218062364e-08
2.3971223759e-09	-1.81482331385e-08
2.39897199961e-09	-1.37651428034e-08
2.40082162331e-09	-6.41353148367e-09
2.40267124702e-09	1.08269648802e-09
2.40452087073e-09	5.98459193313e-09
2.40637049443e-09	6.74302480519e-09
2.40822011814e-09	3.66070151969e-09
2.41006974184e-09	-1.25561849806e-09
2.41191936555e-09	-5.33102628708e-09
2.41376898926e-09	-6.59558319072e-09
2.41561861296e-09	-4.72241490357e-09
2.41746823667e-09	-1.08165876256e-09
2.41931786038e-09	2.17744000608e-09
2.42116748408e-09	3.34298166926e-09
2.42301710779e-09	1.98560101694e-09
2.4248667315e-09	-1.00485308963e-09
2.4267163552e-09	-4.07385947199e-09
2.42856597891e-09	-5.79631764808e-09
2.43041560262e-09	-5.38020072938e-09
2.43226522632e-09	-2.65321964399e-09
2.43411485003e-09	2.14139195265e-09
2.43596447374e-09	8.44448511117e-09
2.43781409744e-09	1.52603831793e-08
2.43966372115e-09	2.10028030523e-08
2.44151334486e-09	2.37062440789e-08
2.44336296856e-09	2.17484839027e-08
2.44521259227e-09	1.47595597966e-08
2.44706221597e-09	4.17833234678e-09
2.44891183968e-09	-7.05992597716e-09
2.45076146339e-09	-1.57758552888e-08
2.45261108709e-09	-2.00694092456e-08
2.4544607108e-09	-2.02947063599e-08
2.45631033451e-09	-1.88884392571e-08
2.45815995821e-09	-1.90401703293e-08
2.46000958192e-09	-2.28768222144e-08
2.46185920563e-09	-3.01541973613e-08
2.46370882933e-09	-3.81620139933e-08
2.46555845304e-09	-4.2857866589e-08
2.46740807675e-09	-4.06936067066e-08
2.46925770045e-09	-3.02231839555e-08
2.47110732416e-09	-1.27928636573e-08
2.47295694787e-09	7.99944555041e-09
2.47480657157e-09	2.76760232509e-08
2.47665619528e-09	4.24680308697e-08
2.47850581898e-09	5.03540569241e-08
2.48035544269e-09	5.12106232975e-08
2.4822050664e-09	4.6180058888e-08
2.4840546901e-09	3.67154839864e-08
2.48590431381e-09	2.39602613306e-08
2.48775393752e-09	8.74311911758e-09
2.48960356122e-09	-7.89217313724e-09
2.49145318493e-09	-2.41120332589e-08
2.49330280864e-09	-3.72279380656e-08
2.49515243234e-09	-4.42993552952e-08
2.49700205605e-09	-4.32438440612e-08
2.49885167976e-09	-3.38568177938e-08
2.50070130346e-09	-1.81731838467e-08
2.50255092717e-09	5.08960928958e-12
2.50440055088e-09	1.6254837476e-08
2.50625017458e-09	2.68862390129e-08
2.50809979829e-09	2.99458235986e-08
2.50994942199e-09	2.55844838648e-08
2.5117990457e-09	1.5758741867e-08
2.51364866941e-09	3.49474116312e-09
2.51549829311e-09	-7.99327626311e-09
2.51734791682e-09	-1.60783280023e-08
2.51919754053e-09	-1.91976585739e-08
2.52104716423e-09	-1.71423124584e-08
2.52289678794e-09	-1.10660014485e-08
2.52474641165e-09	-3.20879900428e-09
2.52659603535e-09	3.72122999082e-09
2.52844565906e-09	7.42233208229e-09
2.53029528277e-09	6.90150780969e-09
2.53214490647e-09	2.92563129278e-09
2.53399453018e-09	-2.28823271442e-09
2.53584415389e-09	-6.10313666272e-09
2.53769377759e-09	-6.7772667478e-09
2.5395434013e-09	-4.30268176643e-09
2.541393025e-09	-3.24618582015e-10
2.54324264871e-09	2.86676682393e-09
2.54509227242e-09	3.60265750565e-09
2.54694189612e-09	1.68217439978e-09
2.54879151983e-09	-1.6620672616e-09
2.55064114354e-09	-4.57068516369e-09
2.55249076724e-09	-5.48007328405e-09
2.55434039095e-09	-3.74194986108e-09
2.55619001466e-09	4.08408196151e-10
2.55803963836e-09	6.17240791811e-09
2.55988926207e-09	1.25116264016e-08
2.56173888578e-09	1.82008470517e-08
2.56358850948e-09	2.17877644815e-08
2.56543813319e-09	2.17863771468e-08
2.5672877569e-09	1.72216410022e-08
2.5691373806e-09	8.33642754827e-09
2.57098700431e-09	-3.05032887837e-09
2.57283662802e-09	-1.39957263556e-08
2.57468625172e-09	-2.16313953416e-08
2.57653587543e-09	-2.45474289784e-08
2.57838549913e-09	-2.35897310574e-08
2.58023512284e-09	-2.14446860269e-08
2.58208474655e-09	-2.11884589874e-08
2.58393437025e-09	-2.45285871614e-08
2.58578399396e-09	-3.068435106e-08
2.58763361767e-09	-3.65409142944e-08
2.58948324137e-09	-3.80551696821e-08
2.59133286508e-09	-3.21857847041e-08
2.59318248879e-09	-1.83692687727e-08
2.59503211249e-09	1.09437570117e-09
2.5968817362e-09	2.18979057109e-08
2.59873135991e-09	3.93474515192e-08
2.60058098361e-09	4.99898895612e-08
2.60243060732e-09	5.25223171621e-08
2.60428023103e-09	4.77261856702e-08
2.60612985473e-09	3.76069841934e-08
2.60797947844e-09	2.43314985937e-08
2.60982910214e-09	9.53573131568e-09
2.61167872585e-09	-5.69378544313e-09
2.61352834956e-09	-2.03005345867e-08
2.61537797326e-09	-3.27141940204e-08
2.61722759697e-09	-4.07797209334e-08
2.61907722068e-09	-4.23575876596e-08
2.62092684438e-09	-3.63238328305e-08
2.62277646809e-09	-2.3413093686e-08
2.6246260918e-09	-6.3654383986e-09
2.6264757155e-09	1.07572679653e-08
2.62832533921e-09	2.38491377758e-08
2.63017496292e-09	3.00379525697e-08
2.63202458662e-09	2.84773893355e-08
2.63387421033e-09	2.04088941302e-08
2.63572383404e-09	8.56328696841e-09
2.63757345774e-09	-3.76555187032e-09
2.63942308145e-09	-1.36189202138e-08
2.64127270515e-09	-1.90109332721e-08
2.64312232886e-09	-1.92378841746e-08
2.64497195257e-09	-1.48885597184e-08
2.64682157627e-09	-7.63364482737e-09
2.64867119998e-09	1.67816538443e-10
2.65052082369e-09	6.07635763927e-09
2.65237044739e-09	8.33520896748e-09
2.6542200711e-09	6.52772502718e-09
2.65606969481e-09	1.82115089675e-09
2.65791931851e-09	-3.44143291642e-09
2.65976894222e-09	-6.78169254087e-09
2.66161856593e-09	-6.77025724372e-09
2.66346818963e-09	-3.73007358334e-09
2.66531781334e-09	4.73395156408e-10
2.66716743705e-09	3.48461193234e-09
2.66901706075e-09	3.76620468145e-09
2.67086668446e-09	1.39268119259e-09
2.67271630817e-09	-2.10096273712e-09
2.67456593187e-09	-4.61357130277e-09
2.67641555558e-09	-4.56622029077e-09
2.67826517928e-09	-1.54159129906e-09
2.68011480299e-09	3.75653730345e-09
2.6819644267e-09	1.00151487104e-08
2.6838140504e-09	1.57985873273e-08
2.68566367411e-09	1.98060856604e-08
2.68751329782e-09	2.08800390311e-08
2.68936292152e-09	1.81177846059e-08
2.69121254523e-09	1.12224647353e-08
2.69306216894e-09	9.87678605568e-10
2.69491179264e-09	-1.05358202163e-08
2.69676141635e-09	-2.05510080065e-08
2.69861104006e-09	-2.66196380494e-08
2.70046066376e-09	-2.78864611403e-08
2.70231028747e-09	-2.56215120231e-08
2.70415991118e-09	-2.26517471447e-08
2.70600953488e-09	-2.18532267837e-08
2.70785915859e-09	-2.44703279861e-08
2.70970878229e-09	-2.9217584796e-08
2.711558406e-09	-3.27287388302e-08
2.71340802971e-09	-3.11382066798e-08
2.71525765341e-09	-2.20241105353e-08
2.71710727712e-09	-5.7448747981e-09
2.71895690083e-09	1.45097569515e-08
2.72080652453e-09	3.39250441073e-08
2.72265614824e-09	4.78581441143e-08
2.72450577195e-09	5.34372617267e-08
2.72635539565e-09	5.02898025445e-08
2.72820501936e-09	4.01932211958e-08
2.73005464307e-09	2.5985723795e-08
2.73190426677e-09	1.03838990739e-08
2.73375389048e-09	-4.73298156223e-09
2.73560351419e-09	-1.82957808903e-08
2.73745313789e-09	-2.95109092718e-08
2.7393027616e-09	-3.72896735712e-08
2.7411523853e-09	-4.01602413547e-08
2.74300200901e-09	-3.68038008958e-08
2.74485163272e-09	-2.6952521992e-08
2.74670125642e-09	-1.20510339485e-08
2.74855088013e-09	4.76186734488e-09
2.75040050384e-09	1.95001970127e-08
2.75225012754e-09	2.86159806961e-08
2.75409975125e-09	3.01898808175e-08
2.75594937496e-09	2.44671127803e-08
2.75779899866e-09	1.36192914724e-08
2.75964862237e-09	8.88102147378e-10
2.76149824608e-09	-1.04405231127e-08
2.76334786978e-09	-1.78997385802e-08
2.76519749349e-09	-2.02994137055e-08
2.7670471172e-09	-1.77782339961e-08
2.7688967409e-09	-1.15975788972e-08
2.77074636461e-09	-3.77267106444e-09
2.77259598831e-09	3.40909700469e-09
2.77444561202e-09	7.92951482254e-09
2.77629523573e-09	8.62115712152e-09
2.77814485943e-09	5.61748514372e-09
2.77999448314e-09	4.18696077809e-10
2.78184410685e-09	-4.62684957014e-09
2.78369373055e-09	-7.29899873875e-09
2.78554335426e-09	-6.53851106591e-09
2.78739297797e-09	-2.99114177871e-09
2.78924260167e-09	1.30856236957e-09
2.79109222538e-09	4.04977473778e-09
2.79294184909e-09	3.89030230252e-09
2.79479147279e-09	1.18736065424e-09
2.7966410965e-09	-2.25181673308e-09
2.79849072021e-09	-4.18893542076e-09
2.80034034391e-09	-3.13268611052e-09
2.80218996762e-09	1.01874486624e-09
2.80403959133e-09	7.09487268935e-09
2.80588921503e-09	1.33118263079e-08
2.80773883874e-09	1.79778858467e-08
2.80958846244e-09	1.98624814374e-08
2.81143808615e-09	1.82413231187e-08
2.81328770986e-09	1.28615047501e-08
2.81513733356e-09	4.0983225702e-09
2.81698695727e-09	-6.82127332396e-09
2.81883658098e-09	-1.77695351766e-08
2.82068620468e-09	-2.62452868327e-08
2.82253582839e-09	-3.03521545675e-08
2.8243854521e-09	-2.97876248112e-08
2.8262350758e-09	-2.61814108171e-08
2.82808469951e-09	-2.23832703483e-08
2.82993432322e-09	-2.09714627886e-08
2.83178394692e-09	-2.27091376814e-08
2.83363357063e-09	-2.58997996383e-08
2.83548319434e-09	-2.70564228799e-08
2.83733281804e-09	-2.26394085701e-08
2.83918244175e-09	-1.09605977627e-08
2.84103206545e-09	6.7220180533e-09
2.84288168916e-09	2.64936801386e-08
2.84473131287e-09	4.32452154087e-08
2.84658093657e-09	5.26482004659e-08
2.84843056028e-09	5.26672145895e-08
2.85028018399e-09	4.39969305432e-08
2.85212980769e-09	2.94118702726e-08
2.8539794314e-09	1.24664785162e-08
2.85582905511e-09	-3.80606568484e-09
2.85767867881e-09	-1.75608860786e-08
2.85952830252e-09	-2.80364123029e-08
2.86137792623e-09	-3.49238895581e-08
2.86322754993e-09	-3.77639572946e-08
2.86507717364e-09	-3.5807932619e-08
2.86692679735e-09	-2.84981211962e-08
2.86877642105e-09	-1.62321711628e-08
2.87062604476e-09	-9.06243191601e-10
2.87247566846e-09	1.42568143957e-08
2.87432529217e-09	2.56110865848e-08
2.87617491588e-09	3.03582474714e-08
2.87802453958e-09	2.75635319014e-08
2.87987416329e-09	1.84582660268e-08
2.881723787e-09	5.92235105401e-09
2.8835734107e-09	-6.55490950408e-09
2.88542303441e-09	-1.59673643196e-08
2.88727265812e-09	-2.05235739514e-08
2.88912228182e-09	-1.98866523249e-08
2.89097190553e-09	-1.49799923577e-08
2.89282152924e-09	-7.58048646077e-09
2.89467115294e-09	1.73492456512e-10
2.89652077665e-09	6.23590290516e-09
2.89837040036e-09	9.1055172291e-09
2.90022002406e-09	8.22703682957e-09
2.90206964777e-09	4.23070511957e-09
2.90391927147e-09	-1.17660825527e-09
2.90576889518e-09	-5.74299230394e-09
2.90761851889e-09	-7.58455342975e-09
2.90946814259e-09	-6.04894712097e-09
2.9113177663e-09	-2.08673323066e-09
2.91316739001e-09	2.18815876529e-09
2.91501701371e-09	4.58374405099e-09
2.91686663742e-09	4.013247068e-09
2.91871626113e-09	1.12191211876e-09
2.92056588483e-09	-2.08625228204e-09
2.92241550854e-09	-3.34141514458e-09
2.92426513225e-09	-1.32499777816e-09
2.92611475595e-09	3.6964931116e-09
2.92796437966e-09	1.01012167519e-08
2.92981400337e-09	1.57399764333e-08
2.93166362707e-09	1.88007849289e-08
2.93351325078e-09	1.82724555486e-08
2.93536287449e-09	1.39663258736e-08
2.93721249819e-09	6.31634433645e-09
2.9390621219e-09	-3.70749764222e-09
2.9409117456e-09	-1.45692782283e-08
2.94276136931e-09	-2.42363924485e-08
2.94461099302e-09	-3.06478256107e-08
2.94646061672e-09	-3.25114157818e-08
2.94831024043e-09	-3.0054625455e-08
2.95015986414e-09	-2.51730298828e-08
2.95200948784e-09	-2.06222416921e-08
2.95385911155e-09	-1.86019573079e-08
2.95570873526e-09	-1.9403689322e-08
2.95755835896e-09	-2.1013638829e-08
2.95940798267e-09	-1.9978179111e-08
2.96125760638e-09	-1.32138353592e-08
2.96310723008e-09	1.91662782867e-10
2.96495685379e-09	1.81601471638e-08
2.9668064775e-09	3.62201717508e-08
2.9686561012e-09	4.9246818179e-08
2.97050572491e-09	5.34820543407e-08
2.97235534861e-09	4.78891699629e-08
2.97420497232e-09	3.42965904565e-08
2.97605459603e-09	1.6421168425e-08
2.97790421973e-09	-1.69158720364e-09
2.97975384344e-09	-1.69632077274e-08
2.98160346715e-09	-2.78715202029e-08
2.98345309085e-09	-3.42085932914e-08
2.98530271456e-09	-3.63238967793e-08
2.98715233827e-09	-3.44374129213e-08
2.98900196197e-09	-2.84740337975e-08
2.99085158568e-09	-1.84797492864e-08
2.99270120939e-09	-5.29932586701e-09
2.99455083309e-09	9.00261998282e-09
2.9964004568e-09	2.13871373944e-08
2.99825008051e-09	2.87639494445e-08
3.00009970421e-09	2.91700725796e-08
3.00194932792e-09	2.26135234982e-08
3.00379895162e-09	1.11351710075e-08
3.00564857533e-09	-1.93084481737e-09
3.00749819904e-09	-1.31221442601e-08
3.00934782274e-09	-1.99223855191e-08
3.01119744645e-09	-2.1334990663e-08
3.01304707016e-09	-1.78745906965e-08
3.01489669386e-09	-1.11311573292e-08
3.01674631757e-09	-3.19593729259e-09
3.01859594128e-09	3.86213683257e-09
3.02044556498e-09	8.39815861298e-09
3.02229518869e-09	9.49610345913e-09
3.0241448124e-09	7.176361283e-09
3.0259944361e-09	2.46348430544e-09
3.02784405981e-09	-2.83319367966e-09
3.02969368352e-09	-6.67317978653e-09
3.03154330722e-09	-7.57377982552e-09
3.03339293093e-09	-5.2877324741e-09
3.03524255463e-09	-1.01610886372e-09
3.03709217834e-09	3.10957193328e-09
3.03894180205e-09	5.09842656982e-09
3.04079142575e-09	4.16819956328e-09
3.04264104946e-09	1.2170777719e-09
3.04449067317e-09	-1.62815272375e-09
3.04634029687e-09	-2.16476681025e-09
3.04818992058e-09	6.66437238728e-10
3.05003954429e-09	6.21517770583e-09
3.05188916799e-09	1.24727170814e-08
3.0537387917e-09	1.7035725719e-08
3.05558841541e-09	1.81188166692e-08
3.05743803911e-09	1.50671706223e-08
3.05928766282e-09	8.28976709499e-09
3.06113728653e-09	-1.11451980978e-09
3.06298691023e-09	-1.16787006732e-08
3.06483653394e-09	-2.17183444562e-08
3.06668615765e-09	-2.94638109466e-08
3.06853578135e-09	-3.34049445883e-08
3.07038540506e-09	-3.28837614916e-08
3.07223502876e-09	-2.86108630121e-08
3.07408465247e-09	-2.26218279664e-08
3.07593427618e-09	-1.74730221403e-08
3.07778389988e-09	-1.49248382542e-08
3.07963352359e-09	-1.48317624848e-08
3.0814831473e-09	-1.49641579128e-08
3.083332771e-09	-1.20500969203e-08
3.08518239471e-09	-3.56148288638e-09
3.08703201842e-09	1.06429300928e-08
3.08888164212e-09	2.77865428444e-08
3.09073126583e-09	4.30712887578e-08
3.09258088954e-09	5.16086373636e-08
3.09443051324e-09	5.04320460948e-08
3.09628013695e-09	3.96209891562e-08
3.09812976066e-09	2.21149125679e-08
3.09997938436e-09	2.39133979285e-09
3.10182900807e-09	-1.52424277644e-08
3.10367863177e-09	-2.79654983615e-08
3.10552825548e-09	-3.48664244143e-08
3.10737787919e-09	-3.64768339978e-08
3.10922750289e-09	-3.38733769922e-08
3.1110771266e-09	-2.79351883847e-08
3.11292675031e-09	-1.9123630679e-08
3.11477637401e-09	-7.8702830919e-09
3.11662599772e-09	4.78297401685e-09
3.11847562143e-09	1.68528746514e-08
3.12032524513e-09	2.57027767958e-08
3.12217486884e-09	2.89269106446e-08
3.12402449255e-09	2.54082799245e-08
3.12587411625e-09	1.59755337847e-08
3.12772373996e-09	3.25484128538e-09
3.12957336367e-09	-9.22974763284e-09
3.13142298737e-09	-1.82846822128e-08
3.13327261108e-09	-2.20463149958e-08
3.13512223478e-09	-2.03556158596e-08
3.13697185849e-09	-1.45073641988e-08
3.1388214822e-09	-6.59771615119e-09
3.1406711059e-09	1.16859100174e-09
3.14252072961e-09	6.98261137799e-09
3.14437035332e-09	9.72037472735e-09
3.14621997702e-09	9.06414499013e-09
3.14806960073e-09	5.54711609979e-09
3.14991922444e-09	4.64475319317e-10
3.15176884814e-09	-4.4039620839e-09
3.15361847185e-09	-7.3150765445e-09
3.15546809556e-09	-7.21406046011e-09
3.15731771926e-09	-4.2473105033e-09
3.15916734297e-09	1.97619476339e-10
3.16101696668e-09	4.05942746085e-09
3.16286659038e-09	5.60362511948e-09
3.16471621409e-09	4.36028502193e-09
3.16656583779e-09	1.45694589726e-09
3.1684154615e-09	-9.40859501419e-10
3.17026508521e-09	-8.0312695383e-10
3.17211470891e-09	2.61805377377e-09
3.17396433262e-09	8.30724911083e-09
3.17581395633e-09	1.39450895276e-08
3.17766358003e-09	1.70173652947e-08
3.17951320374e-09	1.59076432027e-08
3.18136282745e-09	1.04098578646e-08
3.18321245115e-09	1.55997714746e-09
3.18506207486e-09	-8.94100349313e-09
3.18691169857e-09	-1.9267615059e-08
3.18876132227e-09	-2.77607288268e-08
3.19061094598e-09	-3.30512435198e-08
3.19246056969e-09	-3.42690178456e-08
3.19431019339e-09	-3.13869392699e-08
3.1961598171e-09	-2.55023788753e-08
3.19800944081e-09	-1.86748749798e-08
3.19985906451e-09	-1.31554980243e-08
3.20170868822e-09	-1.02296704441e-08
3.20355831192e-09	-9.36416899577e-09
3.20540793563e-09	-8.23975554454e-09
3.20725755934e-09	-3.87824528048e-09
3.20910718304e-09	5.62220892064e-09
3.21095680675e-09	1.96815506115e-08
3.21280643046e-09	3.49890427742e-08
3.21465605416e-09	4.66662370968e-08
3.21650567787e-09	5.03021517773e-08
3.21835530158e-09	4.38829239613e-08
3.22020492528e-09	2.86455836829e-08
3.22205454899e-09	8.52434123289e-09
3.2239041727e-09	-1.14601022005e-08
3.2257537964e-09	-2.70446474104e-08
3.22760342011e-09	-3.59485952117e-08
3.22945304382e-09	-3.80907181352e-08
3.23130266752e-09	-3.48641613357e-08
3.23315229123e-09	-2.80805725339e-08
3.23500191493e-09	-1.91386675397e-08
3.23685153864e-09	-8.83302853083e-09
3.23870116235e-09	2.2436628111e-09
3.24055078605e-09	1.31093775835e-08
3.24240040976e-09	2.20803695328e-08
3.24425003347e-09	2.70522253487e-08
3.24609965717e-09	2.63496584552e-08
3.24794928088e-09	1.96396303664e-08
3.24979890459e-09	8.39155145371e-09
3.25164852829e-09	-4.42885195184e-09
3.253498152e-09	-1.53601078523e-08
3.25534777571e-09	-2.1677598383e-08
3.25719739941e-09	-2.22591989285e-08
3.25904702312e-09	-1.77647709876e-08
3.26089664683e-09	-1.0140015938e-08
3.26274627053e-09	-1.79651094001e-09
3.26459589424e-09	5.14323961198e-09
3.26644551794e-09	9.2863565726e-09
3.26829514165e-09	1.01022248344e-08
3.27014476536e-09	7.85338638565e-09
3.27199438906e-09	3.4770157864e-09
3.27384401277e-09	-1.59654456322e-09
3.27569363648e-09	-5.73930636349e-09
3.27754326018e-09	-7.57149720698e-09
3.27939288389e-09	-6.4806533473e-09
3.2812425076e-09	-2.94715674087e-09
3.2830921313e-09	1.52462098502e-09
3.28494175501e-09	5.01049601809e-09
3.28679137872e-09	6.07997341362e-09
3.28864100242e-09	4.57779503193e-09
3.29049062613e-09	1.79866910255e-09
3.29234024984e-09	-1.35848055027e-10
3.29418987354e-09	5.68439184612e-10
3.29603949725e-09	4.30536006846e-09
3.29788912095e-09	9.72680780364e-09
3.29973874466e-09	1.43227936178e-08
3.30158836837e-09	1.56124464468e-08
3.30343799207e-09	1.22618102338e-08
3.30528761578e-09	4.58582105622e-09
3.30713723949e-09	-5.77667602641e-09
3.30898686319e-09	-1.66281513003e-08
3.3108364869e-09	-2.59425689819e-08
3.31268611061e-09	-3.22480637749e-08
3.31453573431e-09	-3.47074369245e-08
3.31638535802e-09	-3.31289484734e-08
3.31823498173e-09	-2.80687935117e-08
3.32008460543e-09	-2.09041495225e-08
3.32193422914e-09	-1.35941027324e-08
3.32378385285e-09	-7.9853004209e-09
3.32563347655e-09	-4.8862220936e-09
3.32748310026e-09	-3.44499473393e-09
3.32933272397e-09	-1.36349587176e-09
3.33118234767e-09	3.93320087611e-09
3.33303197138e-09	1.37011744172e-08
3.33488159508e-09	2.67291841993e-08
3.33673121879e-09	3.93660180009e-08
3.3385808425e-09	4.68900189787e-08
3.3404304662e-09	4.55811317579e-08
3.34228008991e-09	3.44795161311e-08
3.34412971362e-09	1.59280126866e-08
3.34597933732e-09	-5.32526067687e-09
3.34782896103e-09	-2.39956499115e-08
3.34967858474e-09	-3.61618575084e-08
3.35152820844e-09	-4.03470004073e-08
3.35337783215e-09	-3.74479895981e-08
3.35522745586e-09	-2.97565616592e-08
3.35707707956e-09	-1.97190441753e-08
3.35892670327e-09	-9.07379238413e-09
3.36077632698e-09	1.29675137295e-09
3.36262595068e-09	1.09009148375e-08
3.36447557439e-09	1.90207991579e-08
3.36632519809e-09	2.4408146615e-08
3.3681748218e-09	2.55704382113e-08
3.37002444551e-09	2.15246611646e-08
3.37187406921e-09	1.25744454849e-08
3.37372369292e-09	6.328533253e-10
3.37557331663e-09	-1.12331060009e-08
3.37742294033e-09	-1.98577065902e-08
3.37927256404e-09	-2.31173373777e-08
3.38112218775e-09	-2.06611332487e-08
3.38297181145e-09	-1.38772451308e-08
3.38482143516e-09	-5.19877429994e-09
3.38667105887e-09	2.85021983792e-09
3.38852068257e-09	8.4050801874e-09
3.39037030628e-09	1.06063113847e-08
3.39221992999e-09	9.53671097648e-09
3.39406955369e-09	5.97796745438e-09
3.3959191774e-09	1.14661391493e-09
3.3977688011e-09	-3.53572837675e-09
3.39961842481e-09	-6.70021860216e-09
3.40146804852e-09	-7.37984606758e-09
3.40331767222e-09	-5.37121147559e-09
3.40516729593e-09	-1.42927092384e-09
3.40701691964e-09	2.90961543747e-09
3.40886654334e-09	5.92070970029e-09
3.41071616705e-09	6.49892539784e-09
3.41256579076e-09	4.77718842262e-09
3.41441541446e-09	2.16422302302e-09
3.41626503817e-09	6.60643650896e-10
3.41811466188e-09	1.76076053737e-09
3.41996428558e-09	5.5072715277e-09
3.42181390929e-09	1.02850670203e-08
3.423663533e-09	1.35052866668e-08
3.4255131567e-09	1.28542394506e-08
3.42736278041e-09	7.39788363902e-09
3.42921240411e-09	-2.01632377461e-09
3.43106202782e-09	-1.32151862786e-08
3.43291165153e-09	-2.36355699457e-08
3.43476127523e-09	-3.12195709284e-08
3.43661089894e-09	-3.48399709083e-08
3.43846052265e-09	-3.42737607184e-08
3.44031014635e-09	-3.00124867181e-08
3.44215977006e-09	-2.31158576725e-08
3.44400939377e-09	-1.51103964896e-08
3.44585901747e-09	-7.72861508125e-09
3.44770864118e-09	-2.35244090874e-09
3.44955826489e-09	6.81036504968e-10
3.45140788859e-09	2.45975595448e-09
3.4532575123e-09	5.1430864012e-09
3.45510713601e-09	1.08305240332e-08
3.45695675971e-09	2.01520684584e-08
3.45880638342e-09	3.13840047284e-08
3.46065600713e-09	4.07427940274e-08
3.46250563083e-09	4.38925269464e-08
3.46435525454e-09	3.79570614939e-08
3.46620487824e-09	2.30608439011e-08
3.46805450195e-09	2.53193821464e-09
3.46990412566e-09	-1.83139388099e-08
3.47175374936e-09	-3.42363577488e-08
3.47360337307e-09	-4.19359764692e-08
3.47545299678e-09	-4.09361042841e-08
3.47730262048e-09	-3.31909220108e-08
3.47915224419e-09	-2.18280682418e-08
3.4810018679e-09	-9.75897052058e-09
3.4828514916e-09	1.17790344145e-09
3.48470111531e-09	1.02671622315e-08
3.48655073902e-09	1.7346071246e-08
3.48840036272e-09	2.21243290355e-08
3.49024998643e-09	2.38645672113e-08
3.49209961014e-09	2.16572821898e-08
3.49394923384e-09	1.51072505616e-08
3.49579885755e-09	4.99202457149e-09
3.49764848125e-09	-6.56218812622e-09
3.49949810496e-09	-1.66125868617e-08
3.50134772867e-09	-2.24411476069e-08
3.50319735237e-09	-2.26086633859e-08
3.50504697608e-09	-1.75072436548e-08
3.50689659979e-09	-9.10986130975e-09
3.50874622349e-09	-1.37894903829e-10
3.5105958472e-09	6.95368074233e-09
3.51244547091e-09	1.07108126812e-08
3.51429509461e-09	1.08689812706e-08
3.51614471832e-09	8.10388112171e-09
3.51799434203e-09	3.61492524803e-09
3.51984396573e-09	-1.23807675223e-09
3.52169358944e-09	-5.17546761003e-09
3.52354321315e-09	-7.17759540692e-09
3.52539283685e-09	-6.70545485804e-09
3.52724246056e-09	-3.91968901781e-09
3.52909208426e-09	2.396744192e-10
3.53094170797e-09	4.28256319296e-09
3.53279133168e-09	6.7315908403e-09
3.53464095538e-09	6.80876288683e-09
3.53649057909e-09	4.89969975703e-09
3.5383402028e-09	2.45662357123e-09
3.5401898265e-09	1.30121324826e-09
3.54203945021e-09	2.59454946416e-09
3.54388907392e-09	6.04812733229e-09
3.54573869762e-09	9.85851311697e-09
3.54758832133e-09	1.14864038281e-08
3.54943794504e-09	8.90235618556e-09
3.55128756874e-09	1.63619251481e-09
3.55313719245e-09	-8.94281804165e-09
3.55498681616e-09	-2.02245189485e-08
3.55683643986e-09	-2.945626143e-08
3.55868606357e-09	-3.47111708265e-08
3.56053568727e-09	-3.5323370895e-08
3.56238531098e-09	-3.17388924032e-08
3.56423493469e-09	-2.50945575431e-08
3.56608455839e-09	-1.68367648712e-08
3.5679341821e-09	-8.50678816278e-09
3.56978380581e-09	-1.49957835038e-09
3.57163342951e-09	3.31577010293e-09
3.57348305322e-09	6.03683814049e-09
3.57533267693e-09	7.89087195585e-09
3.57718230063e-09	1.08055715486e-08
3.57903192434e-09	1.63582480894e-08
3.58088154805e-09	2.45986910841e-08
3.58273117175e-09	3.34429763882e-08
3.58458079546e-09	3.9186843992e-08
3.58643041917e-09	3.80614189055e-08
3.58828004287e-09	2.81408443215e-08
3.59012966658e-09	1.0587943855e-08
3.59197929029e-09	-1.04718616001e-08
3.59382891399e-09	-2.94472783935e-08
3.5956785377e-09	-4.14393603876e-08
3.5975281614e-09	-4.40213518971e-08
3.59937778511e-09	-3.78366600273e-08
3.60122740882e-09	-2.58793679819e-08
3.60307703252e-09	-1.19709602231e-08
3.60492665623e-09	7.40179140202e-10
3.60677627994e-09	1.05829665031e-08
3.60862590364e-09	1.72503504814e-08
3.61047552735e-09	2.10902264541e-08
3.61232515106e-09	2.23302158986e-08
3.61417477476e-09	2.07442845124e-08
3.61602439847e-09	1.59120467913e-08
3.61787402218e-09	7.86566722866e-09
3.61972364588e-09	-2.34219776907e-09
3.62157326959e-09	-1.25732277922e-08
3.6234228933e-09	-2.01852081716e-08
3.625272517e-09	-2.30224816988e-08
3.62712214071e-09	-2.03424601608e-08
3.62897176441e-09	-1.31768329581e-08
3.63082138812e-09	-3.92457844001e-09
3.63267101183e-09	4.5970414142e-09
3.63452063553e-09	1.01929691354e-08
3.63637025924e-09	1.19145431299e-08
3.63821988295e-09	1.01012593845e-08
3.64006950665e-09	5.95987792451e-09
3.64191913036e-09	9.864775663e-10
3.64376875407e-09	-3.46251360916e-09
3.64561837777e-09	-6.36180752522e-09
3.64746800148e-09	-7.10049574693e-09
3.64931762519e-09	-5.55795098833e-09
3.65116724889e-09	-2.19066986773e-09
3.6530168726e-09	1.96881422276e-09
3.65486649631e-09	5.55573054228e-09
3.65671612001e-09	7.372037647e-09
3.65856574372e-09	6.94889079611e-09
3.66041536742e-09	4.86884443873e-09
3.66226499113e-09	2.57019294736e-09
3.66411461484e-09	1.64552271809e-09
3.66596423854e-09	2.91485680037e-09
3.66781386225e-09	5.80429970753e-09
3.66966348596e-09	8.41433500653e-09
3.67151310966e-09	8.36557756401e-09
3.67336273337e-09	4.01219457657e-09
3.67521235708e-09	-4.62040539162e-09
3.67706198078e-09	-1.56939368168e-08
3.67891160449e-09	-2.63016985969e-08
3.6807612282e-09	-3.36619656593e-08
3.6826108519e-09	-3.61433016849e-08
3.68446047561e-09	-3.36350680641e-08
3.68631009932e-09	-2.72486833097e-08
3.68815972302e-09	-1.86793851498e-08
3.69000934673e-09	-9.64217239385e-09
3.69185897043e-09	-1.5484761251e-09
3.69370859414e-09	4.64117011489e-09
3.69555821785e-09	8.58716386887e-09
3.69740784155e-09	1.07627062818e-08
3.69925746526e-09	1.24428947146e-08
3.70110708897e-09	1.52377808149e-08
3.70295671267e-09	2.01852277115e-08
3.70480633638e-09	2.68390483171e-08
3.70665596009e-09	3.29157607837e-08
3.70850558379e-09	3.49794611054e-08
3.7103552075e-09	2.99839051365e-08
3.71220483121e-09	1.69805716155e-08
3.71405445491e-09	-1.94041982482e-09
3.71590407862e-09	-2.20977263155e-08
3.71775370233e-09	-3.79234172954e-08
3.71960332603e-09	-4.51510580035e-08
3.72145294974e-09	-4.24034354296e-08
3.72330257345e-09	-3.1482393581e-08
3.72515219715e-09	-1.63166937739e-08
3.72700182086e-09	-1.20727650099e-09
3.72885144456e-09	1.07311262099e-08
3.73070106827e-09	1.82491319833e-08
3.73255069198e-09	2.1658353333e-08
3.73440031568e-09	2.19338236462e-08
3.73624993939e-09	1.9836305043e-08
3.7380995631e-09	1.55727057916e-08
3.7399491868e-09	9.06551456126e-09
3.74179881051e-09	5.86305060057e-10
3.74364843422e-09	-8.73945804614e-09
3.74549805792e-09	-1.69344076539e-08
3.74734768163e-09	-2.17722213591e-08
3.74919730534e-09	-2.17077023024e-08
3.75104692904e-09	-1.6648206369e-08
3.75289655275e-09	-8.13343170591e-09
3.75474617646e-09	1.19798293508e-09
3.75659580016e-09	8.62638138699e-09
3.75844542387e-09	1.23439027888e-08
3.76029504757e-09	1.19705250157e-08
3.76214467128e-09	8.42368930165e-09
3.76399429499e-09	3.32687988269e-09
3.76584391869e-09	-1.66851688022e-09
3.7676935424e-09	-5.32701438516e-09
3.76954316611e-09	-6.97685376139e-09
3.77139278981e-09	-6.44639674974e-09
3.77324241352e-09	-3.99119448602e-09
3.77509203723e-09	-2.80683198906e-10
3.77694166093e-09	3.65006047609e-09
3.77879128464e-09	6.63156196623e-09
3.78064090835e-09	7.76242448097e-09
3.78249053205e-09	6.84883127988e-09
3.78434015576e-09	4.60703519778e-09
3.78618977947e-09	2.40289210751e-09
3.78803940317e-09	1.57166701875e-09
3.78988902688e-09	2.61269850199e-09
3.79173865058e-09	4.72401628926e-09
3.79358827429e-09	6.0070277641e-09
3.795437898e-09	4.34146008033e-09
3.7972875217e-09	-1.47247791737e-09
3.79913714541e-09	-1.09187405783e-08
3.80098676912e-09	-2.17777831324e-08
3.80283639282e-09	-3.09949257371e-08
3.80468601653e-09	-3.59362744007e-08
3.80653564024e-09	-3.53940130537e-08
3.80838526394e-09	-2.98647080399e-08
3.81023488765e-09	-2.10838262404e-08
3.81208451136e-09	-1.11921201196e-08
3.81393413506e-09	-2.01544825273e-09
3.81578375877e-09	5.28292432023e-09
3.81763338248e-09	1.02448840522e-08
3.81948300618e-09	1.3057673165e-08
3.82133262989e-09	1.45012091224e-08
3.82318225359e-09	1.57941055789e-08
3.8250318773e-09	1.81655757103e-08
3.82688150101e-09	2.21343139373e-08
3.82873112471e-09	2.68525983671e-08
3.83058074842e-09	3.00064435521e-08
3.83243037213e-09	2.85954460111e-08
3.83427999583e-09	2.03878034455e-08
3.83612961954e-09	5.38293365437e-09
3.83797924325e-09	-1.35714461891e-08
3.83982886695e-09	-3.15135508799e-08
3.84167849066e-09	-4.32000994977e-08
3.84352811437e-09	-4.52290507269e-08
3.84537773807e-09	-3.7381372664e-08
3.84722736178e-09	-2.25687593058e-08
3.84907698549e-09	-5.46706635518e-09
3.85092660919e-09	9.41456690384e-09
3.8527762329e-09	1.92665403631e-08
3.85462585661e-09	2.34984387504e-08
3.85647548031e-09	2.31861605471e-08
3.85832510402e-09	1.99691054803e-08
3.86017472772e-09	1.50873908922e-08
3.86202435143e-09	9.04047858796e-09
3.86387397514e-09	1.90667925892e-09
3.86572359884e-09	-5.99958305258e-09
3.86757322255e-09	-1.36541231655e-08
3.86942284626e-09	-1.93688070027e-08
3.87127246996e-09	-2.13943973648e-08
3.87312209367e-09	-1.87739797042e-08
3.87497171738e-09	-1.19664234077e-08
3.87682134108e-09	-2.87119172881e-09
3.87867096479e-09	5.82067416488e-09
3.8805205885e-09	1.16491856161e-08
3.8823702122e-09	1.32933619668e-08
3.88421983591e-09	1.09478612842e-08
3.88606945962e-09	6.03099170604e-09
3.88791908332e-09	4.58060478437e-10
3.88976870703e-09	-4.10322531508e-09
3.89161833073e-09	-6.66448274345e-09
3.89346795444e-09	-6.95843116461e-09
3.89531757815e-09	-5.24264054391e-09
3.89716720185e-09	-2.09820472108e-09
3.89901682556e-09	1.68382263688e-09
3.90086644927e-09	5.16239229142e-09
3.90271607297e-09	7.41222594414e-09
3.90456569668e-09	7.82385622955e-09
3.90641532039e-09	6.43875797124e-09
3.90826494409e-09	4.04147293409e-09
3.9101145678e-09	1.87021531595e-09
3.91196419151e-09	9.96339455384e-10
3.91381381521e-09	1.63456248536e-09
3.91566343892e-09	2.83303647208e-09
3.91751306263e-09	2.78220158023e-09
3.91936268633e-09	-3.04816061281e-10
3.92121231004e-09	-7.1518360123e-09
3.92306193374e-09	-1.67919935734e-08
3.92491155745e-09	-2.67397144427e-08
3.92676118116e-09	-3.39529151461e-08
3.92861080486e-09	-3.60975178637e-08
3.93046042857e-09	-3.24940145902e-08
3.93231005228e-09	-2.4253509423e-08
3.93415967598e-09	-1.36525883931e-08
3.93600929969e-09	-3.1306455206e-09
3.9378589234e-09	5.52134649112e-09
3.9397085471e-09	1.15061942196e-08
3.94155817081e-09	1.49048062781e-08
3.94340779452e-09	1.63941713538e-08
3.94525741822e-09	1.69755445256e-08
3.94710704193e-09	1.77285706116e-08
3.94895666564e-09	1.94549336641e-08
3.95080628934e-09	2.21840945613e-08
3.95265591305e-09	2.47935485476e-08
3.95450553675e-09	2.50942839841e-08
3.95635516046e-09	2.06474890518e-08
3.95820478417e-09	1.0077038759e-08
3.96005440787e-09	-5.75755398913e-09
3.96190403158e-09	-2.34731860616e-08
3.96375365529e-09	-3.81086060486e-08
3.96560327899e-09	-4.50176855793e-08
3.9674529027e-09	-4.18382448686e-08
3.96930252641e-09	-2.95298967501e-08
3.97115215011e-09	-1.19792940012e-08
3.97300177382e-09	5.64238034073e-09
3.97485139753e-09	1.89064834899e-08
3.97670102123e-09	2.55828762619e-08
3.97855064494e-09	2.59171937245e-08
3.98040026865e-09	2.18182716338e-08
3.98224989235e-09	1.5555887245e-08
3.98409951606e-09	8.72242722494e-09
3.98594913977e-09	1.92501103946e-09
3.98779876347e-09	-4.79881068216e-09
3.98964838718e-09	-1.12776206151e-08
3.99149801088e-09	-1.67241633875e-08
3.99334763459e-09	-1.9808039653e-08
3.9951972583e-09	-1.92557436662e-08
3.997046882e-09	-1.46263081646e-08
3.99889650571e-09	-6.80046596813e-09
4.00074612942e-09	2.13016160266e-09
4.00259575312e-09	9.58245038873e-09
4.00444537683e-09	1.34787478956e-08
4.00629500054e-09	1.30423325473e-08
4.00814462424e-09	9.00584318231e-09
4.00999424795e-09	3.17846682307e-09
4.01184387166e-09	-2.37590458418e-09
4.01369349536e-09	-6.1050426936e-09
4.01554311907e-09	-7.35606109359e-09
4.01739274278e-09	-6.29425533916e-09
4.01924236648e-09	-3.57321083833e-09
