% time-domain voltage integration by openEMS v0.0.36 @Wed Sep  9 01:33:15 2026
% start-coordinates: (0.0169989,0.00125173,0) m -> [420,16,0]
% stop-coordinates: (0.0169989,0.00125173,0.0001) m -> [420,16,4]
% t/s	voltage
0	-0
1.84962370648e-12	-0
3.69924741296e-12	-0
5.54887111944e-12	-0
7.39849482592e-12	-0
9.2481185324e-12	-0
1.10977422389e-11	-0
1.29473659454e-11	-0
1.47969896518e-11	-0
1.66466133583e-11	-0
1.84962370648e-11	-0
2.03458607713e-11	-0
2.21954844777e-11	-0
2.40451081842e-11	-0
2.58947318907e-11	-0
2.77443555972e-11	-0
2.95939793037e-11	-0
3.14436030101e-11	-0
3.32932267166e-11	-0
3.51428504231e-11	-0
3.69924741296e-11	-0
3.88420978361e-11	-0
4.06917215425e-11	-0
4.2541345249e-11	-0
4.43909689555e-11	-0
4.6240592662e-11	-0
4.80902163685e-11	-4.2898886162e-34
4.99398400749e-11	-7.36057303264e-28
5.17894637814e-11	-1.4619251706e-22
5.36390874879e-11	-3.47113620986e-18
5.54887111944e-11	-9.39429979882e-15
5.73383349009e-11	-2.40227006039e-12
5.91879586073e-11	-4.24333103377e-11
6.10375823138e-11	-5.49236003899e-11
6.28872060203e-11	2.15141008307e-11
6.47368297268e-11	1.58169585068e-10
6.65864534332e-11	4.76493094981e-10
6.84360771397e-11	1.11144640713e-09
7.02857008462e-11	2.05636840889e-09
7.21353245527e-11	3.0937329365e-09
7.39849482592e-11	3.62565516498e-09
7.58345719656e-11	2.52858284311e-09
7.76841956721e-11	-1.58502630465e-09
7.95338193786e-11	-9.82273462569e-09
8.13834430851e-11	-2.20167062359e-08
8.32330667916e-11	-3.58048311e-08
8.5082690498e-11	-4.63794824768e-08
8.69323142045e-11	-4.74412686913e-08
8.8781937911e-11	-3.36123120448e-08
9.06315616175e-11	-3.5210041549e-09
9.2481185324e-11	3.80687303903e-08
9.43308090304e-11	8.17707732637e-08
9.61804327369e-11	1.22272709291e-07
9.80300564434e-11	1.80205642408e-07
9.98796801499e-11	3.40224985962e-07
1.01729303856e-10	7.7483011296e-07
1.03578927563e-10	1.68231429143e-06
1.05428551269e-10	3.19535683957e-06
1.07278174976e-10	5.35516664968e-06
1.09127798682e-10	7.66037476296e-06
1.10977422389e-10	8.71933980306e-06
1.12827046095e-10	5.96282166043e-06
1.14676669802e-10	-4.28920486684e-06
1.16526293508e-10	-2.59833959717e-05
1.18375917215e-10	-6.14545633653e-05
1.20225540921e-10	-0.000108821657705
1.22075164628e-10	-0.000159559287567
1.23924788334e-10	-0.000197799152375
1.25774412041e-10	-0.000202896422707
1.27624035747e-10	-0.000155767225806
1.29473659454e-10	-4.75815759273e-05
1.3132328316e-10	0.000112611891382
1.33172906866e-10	0.000295550045848
1.35022530573e-10	0.000457530215499
1.36872154279e-10	0.000553652906092
1.38721777986e-10	0.000553890087758
1.40571401692e-10	0.000455098481325
1.42421025399e-10	0.000283231776848
1.44270649105e-10	8.42976314743e-05
1.46120272812e-10	-9.20827787922e-05
1.47969896518e-10	-0.000209295325476
1.49819520225e-10	-0.000253662379691
1.51669143931e-10	-0.000234497587371
1.53518767638e-10	-0.000175932742422
1.55368391344e-10	-0.000105442722997
1.57218015051e-10	-4.43267354058e-05
1.59067638757e-10	-3.26473744394e-06
1.60917262464e-10	1.69650852513e-05
1.6276688617e-10	2.16676899072e-05
1.64616509877e-10	1.79127282536e-05
1.66466133583e-10	1.15198677122e-05
1.6831575729e-10	5.88445277572e-06
1.70165380996e-10	2.21049651827e-06
1.72015004703e-10	3.61671482096e-07
1.73864628409e-10	-2.9635223342e-07
1.75714252116e-10	-3.78091989717e-07
1.77563875822e-10	-2.75385694692e-07
1.79413499528e-10	-1.69067082112e-07
1.81263123235e-10	-1.09548038196e-07
1.83112746941e-10	-8.99820395972e-08
1.84962370648e-10	-9.1659455137e-08
1.86811994354e-10	-9.46866247631e-08
1.88661618061e-10	-8.33077304918e-08
1.90511241767e-10	-6.81877594388e-08
1.92360865474e-10	-6.82594407664e-08
1.9421048918e-10	-6.45907380914e-08
1.96060112887e-10	-6.07419288201e-08
1.97909736593e-10	-5.03359238735e-08
1.997593603e-10	-3.71496540197e-08
2.01608984006e-10	-2.35727122266e-08
2.03458607713e-10	-1.53147410309e-08
2.05308231419e-10	-1.68918372623e-08
2.07157855126e-10	-2.8708606159e-08
2.09007478832e-10	-4.80552113657e-08
2.10857102539e-10	-7.05778191445e-08
2.12706726245e-10	-9.34070509828e-08
2.14556349952e-10	-1.16758485547e-07
2.16405973658e-10	-1.44236395272e-07
2.18255597365e-10	-1.801151015e-07
2.20105221071e-10	-2.25381874941e-07
2.21954844777e-10	-2.73494109138e-07
2.23804468484e-10	-3.09828124045e-07
2.2565409219e-10	-3.15136006179e-07
2.27503715897e-10	-2.73914750437e-07
2.29353339603e-10	-1.83414829991e-07
2.3120296331e-10	-6.0137147706e-08
2.33052587016e-10	5.57558905712e-08
2.34902210723e-10	1.13169500437e-07
2.36751834429e-10	9.85409318588e-08
2.38601458136e-10	7.47645287902e-08
2.40451081842e-10	1.68441911086e-07
2.42300705549e-10	5.67468035229e-07
2.44150329255e-10	1.41928165931e-06
2.45999952962e-10	2.68311652007e-06
2.47849576668e-10	4.04991010328e-06
2.49699200375e-10	4.91347373099e-06
2.51548824081e-10	4.56307805052e-06
2.53398447788e-10	2.4976509394e-06
2.55248071494e-10	-1.22065776509e-06
2.57097695201e-10	-5.7800043578e-06
2.58947318907e-10	-9.77197669272e-06
2.60796942614e-10	-1.16958799481e-05
2.6264656632e-10	-1.06205834527e-05
2.64496190027e-10	-6.67787003295e-06
2.66345813733e-10	-1.10204621251e-06
2.68195437439e-10	4.25379596436e-06
2.70045061146e-10	7.70241376813e-06
2.71894684852e-10	8.41072460389e-06
2.73744308559e-10	6.65718130222e-06
2.75593932265e-10	3.55892149173e-06
2.77443555972e-10	4.6949246979e-07
2.79293179678e-10	-1.61232554774e-06
2.81142803385e-10	-2.34974646673e-06
2.82992427091e-10	-2.00482134005e-06
2.84842050798e-10	-1.1399280595e-06
2.86691674504e-10	-2.86916197467e-07
2.88541298211e-10	2.5063746989e-07
2.90390921917e-10	4.21719342114e-07
2.92240545624e-10	3.37378963877e-07
2.9409016933e-10	1.513951986e-07
2.95939793037e-10	-1.9818468644e-08
2.97789416743e-10	-1.23661177298e-07
2.9963904045e-10	-1.58173101283e-07
3.01488664156e-10	-1.46348913432e-07
3.03338287863e-10	-1.15928097344e-07
3.05187911569e-10	-8.76022525631e-08
3.07037535276e-10	-7.36931884404e-08
3.08887158982e-10	-7.88136027552e-08
3.10736782688e-10	-1.041214297e-07
3.12586406395e-10	-1.46749083996e-07
3.14436030101e-10	-1.98793028261e-07
3.16285653808e-10	-2.47552662813e-07
3.18135277514e-10	-2.71542909047e-07
3.19984901221e-10	-2.48025862959e-07
3.21834524927e-10	-1.59245612252e-07
3.23684148634e-10	7.54457019081e-09
3.2553377234e-10	2.40912697791e-07
3.27383396047e-10	4.99099627405e-07
3.29233019753e-10	7.17718307897e-07
3.3108264346e-10	8.25349047773e-07
3.32932267166e-10	7.65912346878e-07
3.34781890873e-10	5.29170918639e-07
3.36631514579e-10	1.5989520108e-07
3.38481138286e-10	-2.52804269962e-07
3.40330761992e-10	-6.00305156695e-07
3.42180385699e-10	-7.95899254058e-07
3.44030009405e-10	-8.00736188467e-07
3.45879633112e-10	-6.31293858078e-07
3.47729256818e-10	-3.4739949939e-07
3.49578880525e-10	-2.69584274903e-08
3.51428504231e-10	2.57675409898e-07
3.53278127938e-10	4.5293355555e-07
3.55127751644e-10	5.28312227743e-07
3.5697737535e-10	4.77908308483e-07
3.58826999057e-10	3.25580458593e-07
3.60676622763e-10	1.36025054331e-07
3.6252624647e-10	2.64875974487e-08
3.64375870176e-10	1.53700927541e-07
3.66225493883e-10	6.53903867942e-07
3.68075117589e-10	1.55218216946e-06
3.69924741296e-10	2.68722618557e-06
3.71774365002e-10	3.66913963035e-06
3.73623988709e-10	3.92358140289e-06
3.75473612415e-10	2.90987833296e-06
3.77323236122e-10	3.90930964045e-07
3.79172859828e-10	-3.32592833274e-06
3.81022483535e-10	-7.29837461222e-06
3.82872107241e-10	-1.02069711829e-05
3.84721730948e-10	-1.08172689579e-05
3.86571354654e-10	-8.57538839227e-06
3.88420978361e-10	-3.94471271647e-06
3.90270602067e-10	1.65758353887e-06
3.92120225774e-10	6.40603650481e-06
3.9396984948e-10	8.82458675733e-06
3.95819473187e-10	8.39368499328e-06
3.97669096893e-10	5.70101451558e-06
3.99518720599e-10	2.08003632451e-06
4.01368344306e-10	-1.05297442587e-06
4.03217968012e-10	-2.7911631264e-06
4.05067591719e-10	-2.99124866388e-06
4.06917215425e-10	-2.12816780731e-06
4.08766839132e-10	-9.15638764809e-07
4.10616462838e-10	6.69503430473e-08
4.12466086545e-10	5.6217254496e-07
4.14315710251e-10	6.12241223052e-07
4.16165333958e-10	4.12750466694e-07
4.18014957664e-10	1.61071184834e-07
4.19864581371e-10	-2.62877573043e-08
4.21714205077e-10	-1.20606573617e-07
4.23563828784e-10	-1.4287541461e-07
4.2541345249e-10	-1.26740403061e-07
4.27263076197e-10	-9.71465947686e-08
4.29112699903e-10	-6.74253648469e-08
4.3096232361e-10	-4.44225403129e-08
4.32811947316e-10	-3.18740589478e-08
4.34661571023e-10	-3.19849497998e-08
4.36511194729e-10	-4.35585603142e-08
4.38360818436e-10	-6.07365429062e-08
4.40210442142e-10	-7.55125331153e-08
4.42060065848e-10	-7.98652362022e-08
4.43909689555e-10	-6.99135487281e-08
4.45759313261e-10	-5.09090556378e-08
4.47608936968e-10	-3.50715767539e-08
4.49458560674e-10	-3.39317915987e-08
4.51308184381e-10	-5.53482646382e-08
4.53157808087e-10	-9.95117783731e-08
4.55007431794e-10	-1.5921751384e-07
4.568570555e-10	-2.18373557459e-07
4.58706679207e-10	-2.59064123043e-07
4.60556302913e-10	-2.75696557139e-07
4.6240592662e-10	-2.64214840229e-07
4.64255550326e-10	-2.31708693121e-07
4.66105174033e-10	-1.83565038725e-07
4.67954797739e-10	-1.20598913966e-07
4.69804421446e-10	-3.91514625164e-08
4.71654045152e-10	6.45465085825e-08
4.73503668859e-10	1.86720154005e-07
4.75353292565e-10	3.09505949758e-07
4.77202916272e-10	4.03967597151e-07
4.79052539978e-10	4.41124235806e-07
4.80902163685e-10	4.07155887672e-07
4.82751787391e-10	3.22617957238e-07
4.84601411098e-10	2.5164985118e-07
4.86451034804e-10	2.9544710145e-07
4.8830065851e-10	5.63814879229e-07
4.90150282217e-10	1.12009016107e-06
4.91999905923e-10	1.9093612309e-06
4.9384952963e-10	2.70378319556e-06
4.95699153336e-10	3.1137628298e-06
4.97548777043e-10	2.68739620424e-06
4.99398400749e-10	1.08842715463e-06
5.01248024456e-10	-1.68599905237e-06
5.03097648162e-10	-5.1370888059e-06
5.04947271869e-10	-8.29590021567e-06
5.06796895575e-10	-1.00049148841e-05
5.08646519282e-10	-9.35337607189e-06
5.10496142988e-10	-6.1493742578e-06
5.12345766695e-10	-1.14636499404e-06
5.14195390401e-10	4.15233080275e-06
5.16045014108e-10	8.03362900115e-06
5.17894637814e-10	9.30376563701e-06
5.19744261521e-10	7.77309514888e-06
5.21593885227e-10	4.31563671555e-06
5.23443508934e-10	4.10561021624e-07
5.2529313264e-10	-2.5312415346e-06
5.27142756347e-10	-3.75210618131e-06
5.28992380053e-10	-3.32651700319e-06
5.30842003759e-10	-1.94069377812e-06
5.32691627466e-10	-4.39712081857e-07
5.34541251172e-10	5.77882133257e-07
5.36390874879e-10	9.2946099528e-07
5.38240498585e-10	7.72421699935e-07
5.40090122292e-10	4.02218397255e-07
5.41939745998e-10	6.32660315247e-08
5.43789369705e-10	-1.32206256609e-07
5.45638993411e-10	-1.89298752673e-07
5.47488617118e-10	-1.65471156777e-07
5.49338240824e-10	-1.1560177704e-07
5.51187864531e-10	-7.0899401905e-08
5.53037488237e-10	-4.01869595379e-08
5.54887111944e-10	-2.42588837907e-08
5.5673673565e-10	-2.22802412075e-08
5.58586359357e-10	-3.38215535578e-08
5.60435983063e-10	-5.49282175299e-08
5.6228560677e-10	-7.7544687116e-08
5.64135230476e-10	-9.18547407025e-08
5.65984854183e-10	-9.06541703927e-08
5.67834477889e-10	-7.2904377646e-08
5.69684101596e-10	-4.69784167123e-08
5.71533725302e-10	-2.74002078804e-08
5.73383349009e-10	-2.9726787254e-08
5.75232972715e-10	-6.17174151785e-08
5.77082596421e-10	-1.19182125502e-07
5.78932220128e-10	-1.88409504887e-07
5.80781843834e-10	-2.50588108486e-07
5.82631467541e-10	-2.87300906621e-07
5.84481091247e-10	-2.86912793968e-07
5.86330714954e-10	-2.50197281559e-07
5.8818033866e-10	-1.88290201208e-07
5.90029962367e-10	-1.10626547922e-07
5.91879586073e-10	-2.27354077786e-08
5.9372920978e-10	7.22846245083e-08
5.95578833486e-10	1.76536293139e-07
5.97428457193e-10	2.83954605607e-07
5.99278080899e-10	3.80351629303e-07
6.01127704606e-10	4.45867854637e-07
6.02977328312e-10	4.63560880348e-07
6.04826952019e-10	4.37388720798e-07
6.06676575725e-10	3.98636586851e-07
6.08526199432e-10	4.11523089383e-07
6.10375823138e-10	5.53782584234e-07
6.12225446845e-10	8.85227109393e-07
6.14075070551e-10	1.39939893984e-06
6.15924694258e-10	1.97866387452e-06
6.17774317964e-10	2.37390980828e-06
6.1962394167e-10	2.24348394795e-06
6.21473565377e-10	1.26358713715e-06
6.23323189083e-10	-7.06619502466e-07
6.2517281279e-10	-3.46726062617e-06
6.27022436496e-10	-6.41177791749e-06
6.28872060203e-10	-8.61883654579e-06
6.30721683909e-10	-9.13495159693e-06
6.32571307616e-10	-7.38215442198e-06
6.34420931322e-10	-3.50702765672e-06
6.36270555029e-10	1.53239736278e-06
6.38120178735e-10	6.22061133981e-06
6.39969802442e-10	9.04172361516e-06
6.41819426148e-10	9.12267546482e-06
6.43669049855e-10	6.6107523935e-06
6.45518673561e-10	2.60838640997e-06
6.47368297268e-10	-1.32046591261e-06
6.49217920974e-10	-3.85513237688e-06
6.51067544681e-10	-4.42704038051e-06
6.52917168387e-10	-3.34761580234e-06
6.54766792094e-10	-1.49335346578e-06
6.566164158e-10	1.95798676828e-07
6.58466039507e-10	1.14129389317e-06
6.60315663213e-10	1.26366907693e-06
6.6216528692e-10	8.54305497455e-07
6.64014910626e-10	3.06334179356e-07
6.65864534332e-10	-9.75734746334e-08
6.67714158039e-10	-2.68212403398e-07
6.69563781745e-10	-2.59580644979e-07
6.71413405452e-10	-1.740871447e-07
6.73263029158e-10	-8.98890952783e-08
6.75112652865e-10	-3.75951678677e-08
6.76962276571e-10	-1.55074917352e-08
6.78811900278e-10	-1.34789659434e-08
6.80661523984e-10	-2.46055611441e-08
6.82511147691e-10	-4.56266731064e-08
6.84360771397e-10	-7.19432176055e-08
6.86210395104e-10	-9.50361780383e-08
6.8806001881e-10	-1.05236432901e-07
6.89909642517e-10	-9.64060884456e-08
6.91759266223e-10	-7.11086318717e-08
6.9360888993e-10	-4.13165279767e-08
6.95458513636e-10	-2.40111543981e-08
6.97308137343e-10	-3.42899442174e-08
6.99157761049e-10	-7.83136986371e-08
7.01007384756e-10	-1.48105531395e-07
7.02857008462e-10	-2.24239407487e-07
7.04706632169e-10	-2.8224189208e-07
7.06556255875e-10	-3.0393512418e-07
7.08405879581e-10	-2.80055438395e-07
7.10255503288e-10	-2.14459994652e-07
7.12105126994e-10	-1.21105040662e-07
7.13954750701e-10	-1.72693579437e-08
7.15804374407e-10	8.57322319803e-08
7.17653998114e-10	1.84941075787e-07
7.1950362182e-10	2.79920243429e-07
7.21353245527e-10	3.66570851895e-07
7.23202869233e-10	4.37792827768e-07
7.2505249294e-10	4.82430436932e-07
7.26902116646e-10	4.94485675517e-07
7.28751740353e-10	4.87403610805e-07
7.30601364059e-10	4.95043451565e-07
7.32450987766e-10	5.6930677772e-07
7.34300611472e-10	7.59172465337e-07
7.36150235179e-10	1.07666116378e-06
7.37999858885e-10	1.46468616435e-06
7.39849482592e-10	1.7701930517e-06
7.41699106298e-10	1.75639038957e-06
7.43548730005e-10	1.15731120331e-06
7.45398353711e-10	-2.1106750836e-07
7.47247977418e-10	-2.32230286201e-06
7.49097601124e-10	-4.83468568291e-06
7.50947224831e-10	-7.09528660536e-06
7.52796848537e-10	-8.28496490612e-06
7.54646472243e-10	-7.69973007664e-06
7.5649609595e-10	-5.07910965553e-06
7.58345719656e-10	-8.44491779617e-07
7.60195343363e-10	3.90952988027e-06
7.62044967069e-10	7.73743613536e-06
7.63894590776e-10	9.3874614322e-06
7.65744214482e-10	8.32845171317e-06
7.67593838189e-10	5.01459533098e-06
7.69443461895e-10	7.28980523945e-07
7.71293085602e-10	-2.96818939205e-06
7.73142709308e-10	-4.90628212901e-06
7.74992333015e-10	-4.75006640954e-06
7.76841956721e-10	-3.04087569702e-06
7.78691580428e-10	-8.1799313989e-07
7.80541204134e-10	9.34755689741e-07
7.82390827841e-10	1.69460130905e-06
7.84240451547e-10	1.51665307158e-06
7.86090075254e-10	8.28391364394e-07
7.8793969896e-10	1.17480922768e-07
7.89789322667e-10	-3.14436107374e-07
7.91638946373e-10	-4.1885529356e-07
7.9348857008e-10	-3.14488893594e-07
7.95338193786e-10	-1.56404627916e-07
7.97187817492e-10	-4.23036166097e-08
7.99037441199e-10	4.74239691961e-09
8.00887064905e-10	5.07528918892e-09
8.02736688612e-10	-1.3834434931e-08
8.04586312318e-10	-3.86319287671e-08
8.06435936025e-10	-6.51379536976e-08
8.08285559731e-10	-9.1068065089e-08
8.10135183438e-10	-1.09765430523e-07
8.11984807144e-10	-1.12247500184e-07
8.13834430851e-10	-9.54550962717e-08
8.15684054557e-10	-6.4734168248e-08
8.17533678264e-10	-3.50186875053e-08
8.1938330197e-10	-2.43715367887e-08
8.21232925677e-10	-4.66072993532e-08
8.23082549383e-10	-1.03359480974e-07
8.2493217309e-10	-1.81664866261e-07
8.26781796796e-10	-2.57779802837e-07
8.28631420503e-10	-3.04679105056e-07
8.30481044209e-10	-3.03528082668e-07
8.32330667916e-10	-2.4921600783e-07
8.34180291622e-10	-1.52301655731e-07
8.36029915329e-10	-3.18700585922e-08
8.37879539035e-10	9.12515911722e-08
8.39729162741e-10	2.01448195014e-07
8.41578786448e-10	2.93796247774e-07
8.43428410154e-10	3.70663428839e-07
8.45278033861e-10	4.34866663568e-07
8.47127657567e-10	4.83946791974e-07
8.48977281274e-10	5.14635289051e-07
8.5082690498e-10	5.30024877321e-07
8.52676528687e-10	5.44795497603e-07
8.54526152393e-10	5.86549774084e-07
8.563757761e-10	6.90460694841e-07
8.58225399806e-10	8.73632700404e-07
8.60075023513e-10	1.11062405495e-06
8.61924647219e-10	1.31221662514e-06
8.63774270926e-10	1.3186230774e-06
8.65623894632e-10	9.30524706177e-07
8.67473518339e-10	-2.56771106599e-08
8.69323142045e-10	-1.60348068334e-06
8.71172765752e-10	-3.63876614529e-06
8.73022389458e-10	-5.70728752791e-06
8.74872013165e-10	-7.1744033221e-06
8.76721636871e-10	-7.36877711915e-06
8.78571260578e-10	-5.84191218422e-06
8.80420884284e-10	-2.6241476121e-06
8.82270507991e-10	1.64811905279e-06
8.84120131697e-10	5.83190728776e-06
8.85969755403e-10	8.6291313437e-06
8.8781937911e-10	9.0815628937e-06
8.89669002816e-10	7.00443399637e-06
8.91518626523e-10	3.12551810566e-06
8.93368250229e-10	-1.17086722184e-06
8.95217873936e-10	-4.40206554231e-06
8.97067497642e-10	-5.60049682008e-06
8.98917121349e-10	-4.6905055342e-06
9.00766745055e-10	-2.42975778519e-06
9.02616368762e-10	3.11919796658e-08
9.04465992468e-10	1.70778261577e-06
9.06315616175e-10	2.17902550048e-06
9.08165239881e-10	1.64875848441e-06
9.10014863588e-10	6.81503351529e-07
9.11864487294e-10	-1.59318119586e-07
9.13714111001e-10	-5.70791129917e-07
9.15563734707e-10	-5.66167258853e-07
9.17413358414e-10	-3.40194901582e-07
9.1926298212e-10	-1.04211929752e-07
9.21112605827e-10	2.87479502425e-08
9.22962229533e-10	5.34717878864e-08
9.2481185324e-10	1.85783792794e-08
9.26661476946e-10	-2.70196345298e-08
9.28511100652e-10	-6.31905887616e-08
9.30360724359e-10	-8.86023947544e-08
9.32210348065e-10	-1.07880035571e-07
9.34059971772e-10	-1.17333728511e-07
9.35909595478e-10	-1.11488667187e-07
9.37759219185e-10	-8.83169430921e-08
9.39608842891e-10	-5.56394876838e-08
9.41458466598e-10	-3.05883656182e-08
9.43308090304e-10	-3.04869560708e-08
9.45157714011e-10	-6.59619079357e-08
9.47007337717e-10	-1.33692545035e-07
9.48856961424e-10	-2.1517552895e-07
9.5070658513e-10	-2.83442624038e-07
9.52556208837e-10	-3.10501086176e-07
9.54405832543e-10	-2.80360296756e-07
9.5625545625e-10	-1.92991404191e-07
9.58105079956e-10	-6.53190097566e-08
9.59954703663e-10	7.67436407756e-08
9.61804327369e-10	2.08978807592e-07
9.63653951076e-10	3.15534343542e-07
9.65503574782e-10	3.93212772565e-07
9.67353198489e-10	4.46885039196e-07
9.69202822195e-10	4.86378766595e-07
9.71052445902e-10	5.16802955985e-07
9.72902069608e-10	5.40596801102e-07
9.74751693314e-10	5.61411354738e-07
9.76601317021e-10	5.91365690639e-07
9.78450940727e-10	6.4813795575e-07
9.80300564434e-10	7.44421711829e-07
9.8215018814e-10	8.70610648462e-07
9.83999811847e-10	9.77062143193e-07
9.85849435553e-10	9.61106280783e-07
9.8769905926e-10	6.79319001051e-07
9.89548682966e-10	-1.08626607709e-08
9.91398306673e-10	-1.18938962146e-06
9.93247930379e-10	-2.79464546793e-06
9.95097554086e-10	-4.56728253084e-06
9.96947177792e-10	-6.05254251695e-06
9.98796801499e-10	-6.68741438403e-06
1.00064642521e-09	-5.97914879563e-06
1.00249604891e-09	-3.72821028805e-06
1.00434567262e-09	-2.06023991645e-07
1.00619529632e-09	3.80690170232e-06
1.00804492003e-09	7.19447609754e-06
1.00989454374e-09	8.86445582182e-06
1.01174416744e-09	8.18009038994e-06
1.01359379115e-09	5.27776478521e-06
1.01544341486e-09	1.09597394271e-06
1.01729303856e-09	-2.94571549375e-06
1.01914266227e-09	-5.50956053758e-06
1.02099228598e-09	-5.88436068938e-06
1.02284190968e-09	-4.25506823376e-06
1.02469153339e-09	-1.56068162482e-06
1.0265411571e-09	9.80964841801e-07
1.0283907808e-09	2.44070855615e-06
1.03024040451e-09	2.53772776659e-06
1.03209002822e-09	1.63076981607e-06
1.03393965192e-09	4.08817498965e-07
1.03578927563e-09	-5.0848333899e-07
1.03763889933e-09	-8.45207878797e-07
1.03948852304e-09	-6.90377319756e-07
1.04133814675e-09	-3.24179808331e-07
1.04318777045e-09	-1.31972726636e-08
1.04503739416e-09	1.21691702049e-07
1.04688701787e-09	1.04216065111e-07
1.04873664157e-09	2.03120307241e-08
1.05058626528e-09	-5.54441346168e-08
1.05243588899e-09	-9.73820668548e-08
1.05428551269e-09	-1.1383796128e-07
1.0561351364e-09	-1.18491694678e-07
1.05798476011e-09	-1.16440707743e-07
1.05983438381e-09	-1.02893430665e-07
1.06168400752e-09	-7.72264314719e-08
1.06353363123e-09	-4.73347903096e-08
1.06538325493e-09	-3.08944301253e-08
1.06723287864e-09	-4.32214388724e-08
1.06908250234e-09	-9.13722733031e-08
1.07093212605e-09	-1.65578100564e-07
1.07278174976e-09	-2.43567470193e-07
1.07463137346e-09	-2.95293560271e-07
1.07648099717e-09	-2.95317008181e-07
1.07833062088e-09	-2.3180144737e-07
1.08018024458e-09	-1.1158589075e-07
1.08202986829e-09	4.17144159215e-08
1.083879492e-09	1.9725543865e-07
1.0857291157e-09	3.28547940853e-07
1.08757873941e-09	4.20917785959e-07
1.08942836312e-09	4.75693703095e-07
1.09127798682e-09	5.03597476609e-07
1.09312761053e-09	5.1927055722e-07
1.09497723424e-09	5.33667915192e-07
1.09682685794e-09	5.5213251926e-07
1.09867648165e-09	5.76789432216e-07
1.10052610536e-09	6.09903153759e-07
1.10237572906e-09	6.5571329344e-07
1.10422535277e-09	7.08334496835e-07
1.10607497647e-09	7.39289788498e-07
1.10792460018e-09	6.84754922986e-07
1.10977422389e-09	4.49434679695e-07
1.11162384759e-09	-7.60641238884e-08
1.1134734713e-09	-9.70700895664e-07
1.11532309501e-09	-2.2262079824e-06
1.11717271871e-09	-3.69162967218e-06
1.11902234242e-09	-5.05577156673e-06
1.12087196613e-09	-5.88124260048e-06
1.12272158983e-09	-5.71493603729e-06
1.12457121354e-09	-4.25661789905e-06
1.12642083725e-09	-1.53190981678e-06
1.12827046095e-09	2.00272558004e-06
1.13012008466e-09	5.49918468096e-06
1.13196970837e-09	7.93671392785e-06
1.13381933207e-09	8.46890020512e-06
1.13566895578e-09	6.78047410929e-06
1.13751857948e-09	3.29251719222e-06
1.13936820319e-09	-9.13454186957e-07
1.1412178269e-09	-4.4612787633e-06
1.1430674506e-09	-6.21434264758e-06
1.14491707431e-09	-5.74022726596e-06
1.14676669802e-09	-3.4767518855e-06
1.14861632172e-09	-5.07201967537e-07
1.15046594543e-09	1.9473618238e-06
1.15231556914e-09	3.06427665464e-06
1.15416519284e-09	2.72420339797e-06
1.15601481655e-09	1.44476587138e-06
1.15786444026e-09	2.16893878413e-08
1.15971406396e-09	-9.06168381221e-07
1.16156368767e-09	-1.11135284442e-06
1.16341331138e-09	-7.70886401824e-07
1.16526293508e-09	-2.56517818542e-07
1.16711255879e-09	1.1678191747e-07
1.16896218249e-09	2.322987811e-07
1.1708118062e-09	1.50748459049e-07
1.17266142991e-09	5.42010679394e-09
1.17451105361e-09	-1.00705653594e-07
1.17636067732e-09	-1.40812122851e-07
1.17821030103e-09	-1.37281411128e-07
1.18005992473e-09	-1.20710538454e-07
1.18190954844e-09	-1.05568242148e-07
1.18375917215e-09	-8.80879138521e-08
1.18560879585e-09	-6.50042952799e-08
1.18745841956e-09	-4.34012292772e-08
1.18930804327e-09	-3.76302589089e-08
1.19115766697e-09	-6.27458778268e-08
1.19300729068e-09	-1.1967308744e-07
1.19485691439e-09	-1.94769054218e-07
1.19670653809e-09	-2.60904194249e-07
1.1985561618e-09	-2.88677348692e-07
1.2004057855e-09	-2.55934160975e-07
1.20225540921e-09	-1.57882713125e-07
1.20410503292e-09	-8.39822256182e-09
1.20595465662e-09	1.62674172799e-07
1.20780428033e-09	3.21364886702e-07
1.20965390404e-09	4.40652591749e-07
1.21150352774e-09	5.10199626547e-07
1.21335315145e-09	5.3590196103e-07
1.21520277516e-09	5.35927341616e-07
1.21705239886e-09	5.29472941935e-07
1.21890202257e-09	5.30139487864e-07
1.22075164628e-09	5.4215084333e-07
1.22260126998e-09	5.62513079672e-07
1.22445089369e-09	5.83319959446e-07
1.2263005174e-09	5.93338015165e-07
1.2281501411e-09	5.72213394889e-07
1.22999976481e-09	4.81870394253e-07
1.23184938852e-09	2.60722814005e-07
1.23369901222e-09	-1.67913867699e-07
1.23554863593e-09	-8.68713556201e-07
1.23739825963e-09	-1.85525311736e-06
1.23924788334e-09	-3.04554322383e-06
1.24109750705e-09	-4.23284427598e-06
1.24294713075e-09	-5.09218500611e-06
1.24479675446e-09	-5.2439808087e-06
1.24664637817e-09	-4.37001983755e-06
1.24849600187e-09	-2.35810159666e-06
1.25034562558e-09	5.77713890948e-07
1.25219524929e-09	3.85707528494e-06
1.25404487299e-09	6.63668174639e-06
1.2558944967e-09	8.04768387752e-06
1.25774412041e-09	7.51145421418e-06
1.25959374411e-09	5.01471367897e-06
1.26144336782e-09	1.20796096326e-06
1.26329299153e-09	-2.75537553307e-06
1.26514261523e-09	-5.61045271752e-06
1.26699223894e-09	-6.46931152914e-06
1.26884186264e-09	-5.18648334946e-06
1.27069148635e-09	-2.42268168904e-06
1.27254111006e-09	6.45522732157e-07
1.27439073376e-09	2.847166229e-06
1.27624035747e-09	3.51308398194e-06
1.27808998118e-09	2.70702122407e-06
1.27993960488e-09	1.09374514068e-06
1.28178922859e-09	-4.59706775757e-07
1.2836388523e-09	-1.32103266992e-06
1.285488476e-09	-1.33792872248e-06
1.28733809971e-09	-7.90005358908e-07
1.28918772342e-09	-1.32578252376e-07
1.29103734712e-09	2.83495069198e-07
1.29288697083e-09	3.52135579362e-07
1.29473659454e-09	1.85481795256e-07
1.29658621824e-09	-2.976785618e-08
1.29843584195e-09	-1.63921814789e-07
1.30028546565e-09	-1.9173784338e-07
1.30213508936e-09	-1.56246237282e-07
1.30398471307e-09	-1.1221153251e-07
1.30583433677e-09	-8.45758698631e-08
1.30768396048e-09	-6.84667629258e-08
1.30953358419e-09	-5.5261974552e-08
1.31138320789e-09	-4.57522704167e-08
1.3132328316e-09	-5.20940686144e-08
1.31508245531e-09	-8.67598579646e-08
1.31693207901e-09	-1.47141815177e-07
1.31878170272e-09	-2.15240667956e-07
1.32063132643e-09	-2.62415603913e-07
1.32248095013e-09	-2.59698047955e-07
1.32433057384e-09	-1.91921557757e-07
1.32618019755e-09	-6.09018799835e-08
1.32802982125e-09	1.10859188496e-07
1.32987944496e-09	2.89589856095e-07
1.33172906866e-09	4.39650015949e-07
1.33357869237e-09	5.36903584702e-07
1.33542831608e-09	5.75568762429e-07
1.33727793978e-09	5.68843503856e-07
1.33912756349e-09	5.40293910944e-07
1.3409771872e-09	5.13060413709e-07
1.3428268109e-09	5.00409996107e-07
1.34467643461e-09	5.02724702756e-07
1.34652605832e-09	5.08355199713e-07
1.34837568202e-09	4.99305272683e-07
1.35022530573e-09	4.52067901335e-07
1.35207492944e-09	3.38083992801e-07
1.35392455314e-09	1.18100162538e-07
1.35577417685e-09	-2.55177340591e-07
1.35762380056e-09	-8.27765902045e-07
1.35947342426e-09	-1.61789387221e-06
1.36132304797e-09	-2.58140244114e-06
1.36317267168e-09	-3.58304640713e-06
1.36502229538e-09	-4.38984477569e-06
1.36687191909e-09	-4.70182840218e-06
1.36872154279e-09	-4.22583002546e-06
1.3705711665e-09	-2.78695091538e-06
1.37242079021e-09	-4.42486012275e-07
1.37427041391e-09	2.44860109433e-06
1.37612003762e-09	5.24809843228e-06
1.37796966133e-09	7.17911518677e-06
1.37981928503e-09	7.56477675168e-06
1.38166890874e-09	6.09900712334e-06
1.38351853245e-09	3.03394892853e-06
1.38536815615e-09	-8.16936179149e-07
1.38721777986e-09	-4.30002705798e-06
1.38906740357e-09	-6.32062676686e-06
1.39091702727e-09	-6.26680082405e-06
1.39276665098e-09	-4.27178872542e-06
1.39461627469e-09	-1.17929278076e-06
1.39646589839e-09	1.80030130537e-06
1.3983155221e-09	3.60160726132e-06
1.4001651458e-09	3.74097555778e-06
1.40201476951e-09	2.47290529387e-06
1.40386439322e-09	5.9169025235e-07
1.40571401692e-09	-9.99473655838e-07
1.40756364063e-09	-1.7153827514e-06
1.40941326434e-09	-1.49864695231e-06
1.41126288804e-09	-7.32829875005e-07
1.41311251175e-09	5.05926922578e-08
1.41496213546e-09	4.76507949543e-07
1.41681175916e-09	4.70609073489e-07
1.41866138287e-09	2.01813065814e-07
1.42051100658e-09	-8.92060665336e-08
1.42236063028e-09	-2.45152811829e-07
1.42421025399e-09	-2.46553391037e-07
1.4260598777e-09	-1.68310442916e-07
1.4279095014e-09	-9.16280669117e-08
1.42975912511e-09	-5.31433848039e-08
1.43160874881e-09	-4.62486733355e-08
1.43345837252e-09	-5.03712218602e-08
1.43530799623e-09	-5.62594593134e-08
1.43715761993e-09	-7.3531639444e-08
1.43900724364e-09	-1.12192472201e-07
1.44085686735e-09	-1.68206440776e-07
1.44270649105e-09	-2.22055525967e-07
1.44455611476e-09	-2.43296533142e-07
1.44640573847e-09	-2.06955576232e-07
1.44825536217e-09	-1.04475246232e-07
1.45010498588e-09	5.38920472692e-08
1.45195460959e-09	2.38853015588e-07
1.45380423329e-09	4.13139886746e-07
1.455653857e-09	5.43088646054e-07
1.45750348071e-09	6.08600799978e-07
1.45935310441e-09	6.11176304233e-07
1.46120272812e-09	5.70015018297e-07
1.46305235182e-09	5.13593903406e-07
1.46490197553e-09	4.66589270331e-07
1.46675159924e-09	4.39870504465e-07
1.46860122294e-09	4.26675981657e-07
1.47045084665e-09	4.06949432374e-07
1.47230047036e-09	3.52564761386e-07
1.47415009406e-09	2.33400662353e-07
1.47599971777e-09	1.89699662645e-08
1.47784934148e-09	-3.20630789474e-07
1.47969896518e-09	-8.11643829479e-07
1.48154858889e-09	-1.46393236378e-06
1.4833982126e-09	-2.2510653821e-06
1.4852478363e-09	-3.08446669806e-06
1.48709746001e-09	-3.80055257665e-06
1.48894708372e-09	-4.16974103246e-06
1.49079670742e-09	-3.94439143747e-06
1.49264633113e-09	-2.93568371035e-06
1.49449595484e-09	-1.10876928261e-06
1.49634557854e-09	1.33957325943e-06
1.49819520225e-09	3.95837560063e-06
1.50004482595e-09	6.10954862168e-06
1.50189444966e-09	7.13282361176e-06
1.50374407337e-09	6.56825011447e-06
1.50559369707e-09	4.36709433416e-06
1.50744332078e-09	9.9622337757e-07
1.50929294449e-09	-2.63640754383e-06
1.51114256819e-09	-5.44672479919e-06
1.5129921919e-09	-6.55569817809e-06
1.51484181561e-09	-5.63594153391e-06
1.51669143931e-09	-3.07407043465e-06
1.51854106302e-09	1.53759652122e-07
1.52039068673e-09	2.8629203257e-06
1.52224031043e-09	4.1422756567e-06
1.52408993414e-09	3.71856407355e-06
1.52593955785e-09	2.0300820438e-06
1.52778918155e-09	-2.94139823609e-08
1.52963880526e-09	-1.55779977717e-06
1.53148842896e-09	-2.05071302162e-06
1.53333805267e-09	-1.56674371965e-06
1.53518767638e-09	-5.91532625549e-07
1.53703730008e-09	2.8576826594e-07
1.53888692379e-09	6.85490661567e-07
1.5407365475e-09	5.75433304562e-07
1.5425861712e-09	1.90139068934e-07
1.54443579491e-09	-1.74470791592e-07
1.54628541862e-09	-3.40385959419e-07
1.54813504232e-09	-3.03330118356e-07
1.54998466603e-09	-1.70724220538e-07
1.55183428974e-09	-5.68016975677e-08
1.55368391344e-09	-1.27382322468e-08
1.55553353715e-09	-2.36183432811e-08
1.55738316086e-09	-5.13102680344e-08
1.55923278456e-09	-7.58993579097e-08
1.56108240827e-09	-1.00074149856e-07
1.56293203197e-09	-1.34367947879e-07
1.56478165568e-09	-1.77861906536e-07
1.56663127939e-09	-2.0983972604e-07
1.56848090309e-09	-2.01054088933e-07
1.5703305268e-09	-1.31054960661e-07
1.57218015051e-09	2.13430448315e-09
1.57402977421e-09	1.79606818307e-07
1.57587939792e-09	3.66101453153e-07
1.57772902163e-09	5.23909463368e-07
1.57957864533e-09	6.22515628379e-07
1.58142826904e-09	6.48874944886e-07
1.58327789275e-09	6.11789189975e-07
1.58512751645e-09	5.36304838761e-07
1.58697714016e-09	4.53726990202e-07
1.58882676387e-09	3.87936289314e-07
1.59067638757e-09	3.44768537275e-07
1.59252601128e-09	3.10269363979e-07
1.59437563498e-09	2.55396820137e-07
1.59622525869e-09	1.45211398461e-07
1.5980748824e-09	-5.1838255466e-08
1.5999245061e-09	-3.6050328589e-07
1.60177412981e-09	-7.94735541376e-07
1.60362375352e-09	-1.35384985356e-06
1.60547337722e-09	-2.01303362246e-06
1.60732300093e-09	-2.70829923465e-06
1.60917262464e-09	-3.32390254698e-06
1.61102224834e-09	-3.69067799966e-06
1.61287187205e-09	-3.61014531336e-06
1.61472149576e-09	-2.90597000685e-06
1.61657111946e-09	-1.49834181684e-06
1.61842074317e-09	5.23772982319e-07
1.62027036688e-09	2.86020383555e-06
1.62211999058e-09	5.02005718772e-06
1.62396961429e-09	6.41924486899e-06
1.625819238e-09	6.54935888633e-06
1.6276688617e-09	5.17181888426e-06
1.62951848541e-09	2.46599239517e-06
1.63136810911e-09	-9.44449226381e-07
1.63321773282e-09	-4.12856593357e-06
1.63506735653e-09	-6.13132374383e-06
1.63691698023e-09	-6.31758723557e-06
1.63876660394e-09	-4.6381097718e-06
1.64061622765e-09	-1.69202655798e-06
1.64246585135e-09	1.47080567103e-06
1.64431547506e-09	3.74773202338e-06
1.64616509877e-09	4.42011378254e-06
1.64801472247e-09	3.43740822473e-06
1.64986434618e-09	1.40383605185e-06
1.65171396989e-09	-7.24490291759e-07
1.65356359359e-09	-2.08778158139e-06
1.6554132173e-09	-2.29264526297e-06
1.65726284101e-09	-1.52437797851e-06
1.65911246471e-09	-3.63616344146e-07
1.66096208842e-09	5.6190768305e-07
1.66281171212e-09	8.92594215429e-07
1.66466133583e-09	6.5334153021e-07
1.66651095954e-09	1.44899924948e-07
1.66836058324e-09	-2.86393436966e-07
1.67021020695e-09	-4.47125664493e-07
1.67205983066e-09	-3.55757734383e-07
1.67390945436e-09	-1.60434808549e-07
1.67575907807e-09	-9.03407815223e-09
1.67760870178e-09	3.59074130429e-08
1.67945832548e-09	-9.27929177941e-10
1.68130794919e-09	-6.04419945205e-08
1.6831575729e-09	-1.03540612528e-07
1.6850071966e-09	-1.28147821243e-07
1.68685682031e-09	-1.49485845924e-07
1.68870644402e-09	-1.7080613901e-07
1.69055606772e-09	-1.74677811771e-07
1.69240569143e-09	-1.35435008985e-07
1.69425531513e-09	-3.5169161805e-08
1.69610493884e-09	1.21453153312e-07
1.69795456255e-09	3.06911829284e-07
1.69980418625e-09	4.82869069174e-07
1.70165380996e-09	6.12197140981e-07
1.70350343367e-09	6.70073347919e-07
1.70535305737e-09	6.51966672649e-07
1.70720268108e-09	5.74294389821e-07
1.70905230479e-09	4.66086440554e-07
1.71090192849e-09	3.59996228383e-07
1.7127515522e-09	2.76210947447e-07
1.71460117591e-09	2.14347490868e-07
1.71645079961e-09	1.53087913901e-07
1.71830042332e-09	5.63965878442e-08
1.72015004703e-09	-1.13315806516e-07
1.72199967073e-09	-3.84035857337e-07
1.72384929444e-09	-7.68413798369e-07
1.72569891814e-09	-1.25940380258e-06
1.72754854185e-09	-1.82862333986e-06
1.72939816556e-09	-2.4212970402e-06
1.73124778926e-09	-2.94800264555e-06
1.73309741297e-09	-3.28366655822e-06
1.73494703668e-09	-3.27582159798e-06
1.73679666038e-09	-2.77583143315e-06
1.73864628409e-09	-1.69006796114e-06
1.7404959078e-09	-4.13205443195e-08
1.7423455315e-09	1.98263887796e-06
1.74419515521e-09	4.02042883252e-06
1.74604477892e-09	5.58864041977e-06
1.74789440262e-09	6.19901243226e-06
1.74974402633e-09	5.51621212708e-06
1.75159365004e-09	3.51205159177e-06
1.75344327374e-09	5.50352254436e-07
1.75529289745e-09	-2.6516042908e-06
1.75714252116e-09	-5.20389369285e-06
1.75899214486e-09	-6.32776720977e-06
1.76084176857e-09	-5.64556751215e-06
1.76269139227e-09	-3.36163071779e-06
1.76454101598e-09	-2.35353040168e-07
1.76639063969e-09	2.66980430297e-06
1.76824026339e-09	4.38378026502e-06
1.7700898871e-09	4.40847804839e-06
1.77193951081e-09	2.911592901e-06
1.77378913451e-09	6.36012757127e-07
1.77563875822e-09	-1.44090668641e-06
1.77748838193e-09	-2.54221112073e-06
1.77933800563e-09	-2.41135410306e-06
1.78118762934e-09	-1.36242840654e-06
1.78303725305e-09	-5.71346971956e-08
1.78488687675e-09	8.62978367877e-07
1.78673650046e-09	1.08015879619e-06
1.78858612417e-09	6.89831438194e-07
1.79043574787e-09	6.0348654074e-08
1.79228537158e-09	-4.21482404533e-07
1.79413499528e-09	-5.59479005346e-07
1.79598461899e-09	-3.99757453806e-07
1.7978342427e-09	-1.34552259112e-07
1.7996838664e-09	5.27113082072e-08
1.80153349011e-09	9.03206149871e-08
1.80338311382e-09	1.92372944241e-08
1.80523273752e-09	-7.62308864921e-08
1.80708236123e-09	-1.37188951754e-07
1.80893198494e-09	-1.55518684153e-07
1.81078160864e-09	-1.52348842875e-07
1.81263123235e-09	-1.42547843751e-07
1.81448085606e-09	-1.15791825905e-07
1.81633047976e-09	-4.79319997027e-08
1.81818010347e-09	7.55170379563e-08
1.82002972718e-09	2.44038762531e-07
1.82187935088e-09	4.25736899956e-07
1.82372897459e-09	5.79253978117e-07
1.82557859829e-09	6.69248905183e-07
1.827428222e-09	6.79467902387e-07
1.82927784571e-09	6.1464852763e-07
1.83112746941e-09	4.97036566571e-07
1.83297709312e-09	3.59900624858e-07
1.83482671683e-09	2.33460013987e-07
1.83667634053e-09	1.32688029453e-07
1.83852596424e-09	5.06563360148e-08
1.84037558795e-09	-4.07489624266e-08
1.84222521165e-09	-1.81451877523e-07
1.84407483536e-09	-4.06900426242e-07
1.84592445907e-09	-7.37144404184e-07
1.84777408277e-09	-1.16805028938e-06
1.84962370648e-09	-1.66989644867e-06
1.85147333019e-09	-2.18934297891e-06
1.85332295389e-09	-2.64922789484e-06
1.8551725776e-09	-2.94971817993e-06
1.8570222013e-09	-2.97378255709e-06
1.85887182501e-09	-2.60319393419e-06
1.86072144872e-09	-1.75159797777e-06
1.86257107242e-09	-4.08817875552e-07
1.86442069613e-09	1.31478694243e-06
1.86627031984e-09	3.163460633e-06
1.86811994354e-09	4.75635977182e-06
1.86996956725e-09	5.66020059978e-06
1.87181919096e-09	5.51040670871e-06
1.87366881466e-09	4.14969485973e-06
1.87551843837e-09	1.73533007342e-06
1.87736806208e-09	-1.23488067061e-06
1.87921768578e-09	-4.01397869609e-06
1.88106730949e-09	-5.80991581955e-06
1.8829169332e-09	-6.05006482601e-06
1.8847665569e-09	-4.61073227598e-06
1.88661618061e-09	-1.91238177649e-06
1.88846580432e-09	1.18330768828e-06
1.89031542802e-09	3.6603351532e-06
1.89216505173e-09	4.72217959668e-06
1.89401467543e-09	4.10394113715e-06
1.89586429914e-09	2.17556919324e-06
1.89771392285e-09	-2.17770576683e-07
1.89956354655e-09	-2.12210414929e-06
1.90141317026e-09	-2.87898069473e-06
1.90326279397e-09	-2.38538149233e-06
1.90511241767e-09	-1.08159940737e-06
1.90696204138e-09	3.11950181242e-07
1.90881166509e-09	1.16712800491e-06
1.91066128879e-09	1.22946136116e-06
1.9125109125e-09	6.73834534837e-07
1.91436053621e-09	-6.63407639934e-08
1.91621015991e-09	-5.76171061084e-07
1.91805978362e-09	-6.69066537284e-07
1.91990940733e-09	-4.28694178822e-07
1.92175903103e-09	-9.16117084415e-08
1.92360865474e-09	1.27063689348e-07
1.92545827844e-09	1.4959476502e-07
1.92730790215e-09	3.57689984298e-08
1.92915752586e-09	-9.8902148693e-08
1.93100714956e-09	-1.73771027789e-07
1.93285677327e-09	-1.77078909758e-07
1.93470639698e-09	-1.40145893113e-07
1.93655602068e-09	-9.16574407483e-08
1.93840564439e-09	-3.26134999007e-08
1.9402552681e-09	5.72233869178e-08
1.9421048918e-09	1.92141598632e-07
1.94395451551e-09	3.60418781042e-07
1.94580413922e-09	5.2564612929e-07
1.94765376292e-09	6.45120124432e-07
1.94950338663e-09	6.88428983153e-07
1.95135301034e-09	6.47245542496e-07
1.95320263404e-09	5.34945641562e-07
1.95505225775e-09	3.81379621217e-07
1.95690188145e-09	2.20215451208e-07
1.95875150516e-09	7.71812658229e-08
1.96060112887e-09	-3.85349236964e-08
1.96245075257e-09	-1.40782542957e-07
1.96430037628e-09	-2.62927038364e-07
1.96614999999e-09	-4.43928968252e-07
1.96799962369e-09	-7.14291104487e-07
1.9698492474e-09	-1.08120067921e-06
1.97169887111e-09	-1.52207613269e-06
1.97354849481e-09	-1.98593505729e-06
1.97539811852e-09	-2.39985882899e-06
1.97724774223e-09	-2.67498523954e-06
1.97909736593e-09	-2.71526528195e-06
1.98094698964e-09	-2.42752417989e-06
1.98279661335e-09	-1.74026547484e-06
1.98464623705e-09	-6.33569740671e-07
1.98649586076e-09	8.27337217402e-07
1.98834548446e-09	2.46554043315e-06
1.99019510817e-09	3.99143095819e-06
1.99204473188e-09	5.04301760884e-06
1.99389435558e-09	5.26970097781e-06
1.99574397929e-09	4.44628665264e-06
1.997593603e-09	2.58336154957e-06
1.9994432267e-09	-1.26663577404e-08
2.00129285041e-09	-2.76481512174e-06
2.00314247412e-09	-4.95456924909e-06
2.00499209782e-09	-5.93262575421e-06
2.00684172153e-09	-5.34759215043e-06
2.00869134524e-09	-3.30955845129e-06
2.01054096894e-09	-4.06159294641e-07
2.01239059265e-09	2.45911388674e-06
2.01424021636e-09	4.37092228367e-06
2.01608984006e-09	4.73812508517e-06
2.01793946377e-09	3.52718285512e-06
2.01978908748e-09	1.28198331595e-06
2.02163871118e-09	-1.09427770667e-06
2.02348833489e-09	-2.7124974622e-06
2.02533795859e-09	-3.06330764488e-06
2.0271875823e-09	-2.20550117547e-06
2.02903720601e-09	-6.93148649589e-07
2.03088682971e-09	7.2100192483e-07
2.03273645342e-09	1.44963729554e-06
2.03458607713e-09	1.32187216195e-06
2.03643570083e-09	5.97590414486e-07
2.03828532454e-09	-2.33956072293e-07
2.04013494825e-09	-7.43515542467e-07
2.04198457195e-09	-7.6783554448e-07
2.04383419566e-09	-4.35882384409e-07
2.04568381937e-09	-2.90062511787e-08
2.04753344307e-09	2.12263515209e-07
2.04938306678e-09	2.10375407761e-07
2.05123269049e-09	4.84837903159e-08
2.05308231419e-09	-1.26396948019e-07
2.0549319379e-09	-2.10754961927e-07
2.0567815616e-09	-1.89650986471e-07
2.05863118531e-09	-1.09238001755e-07
2.06048080902e-09	-1.8154333592e-08
2.06233043272e-09	7.07749343576e-08
2.06418005643e-09	1.73771919521e-07
2.06602968014e-09	3.06338009182e-07
2.06787930384e-09	4.59041920919e-07
2.06972892755e-09	5.95848973717e-07
2.07157855126e-09	6.7344485899e-07
2.07342817496e-09	6.65133583766e-07
2.07527779867e-09	5.71303559127e-07
2.07712742238e-09	4.15162936918e-07
2.07897704608e-09	2.30822330138e-07
2.08082666979e-09	5.11144762072e-08
2.0826762935e-09	-1.02995752371e-07
2.0845259172e-09	-2.30535466272e-07
2.08637554091e-09	-3.51654847464e-07
2.08822516461e-09	-5.00484446775e-07
2.09007478832e-09	-7.13088084581e-07
2.09192441203e-09	-1.01073226233e-06
2.09377403573e-09	-1.38524492854e-06
2.09562365944e-09	-1.79622523433e-06
2.09747328315e-09	-2.1756200681e-06
2.09932290685e-09	-2.43805067157e-06
2.10117253056e-09	-2.49530978635e-06
2.10302215427e-09	-2.26776398904e-06
2.10487177797e-09	-1.69785619164e-06
2.10672140168e-09	-7.67468421259e-07
2.10857102539e-09	4.79747839677e-07
2.11042064909e-09	1.91822070406e-06
2.1122702728e-09	3.33042282818e-06
2.11411989651e-09	4.42558439318e-06
2.11596952021e-09	4.89287640448e-06
2.11781914392e-09	4.48609137038e-06
2.11966876763e-09	3.12197641961e-06
2.12151839133e-09	9.56197595769e-07
2.12336801504e-09	-1.59914378628e-06
2.12521763874e-09	-3.94227208744e-06
2.12706726245e-09	-5.43386249774e-06
2.12891688616e-09	-5.59666852951e-06
2.13076650986e-09	-4.29977444583e-06
2.13261613357e-09	-1.85383476037e-06
2.13446575728e-09	1.04146496938e-06
2.13631538098e-09	3.50132097537e-06
2.13816500469e-09	4.75502679365e-06
2.1400146284e-09	4.43345061285e-06
2.1418642521e-09	2.72033418014e-06
2.14371387581e-09	2.95725119059e-07
2.14556349952e-09	-1.92653388353e-06
2.14741312322e-09	-3.16269392897e-06
2.14926274693e-09	-3.07213883843e-06
2.15111237064e-09	-1.87470172364e-06
2.15296199434e-09	-2.18130125518e-07
2.15481161805e-09	1.14108971161e-06
2.15666124175e-09	1.6853205409e-06
2.15851086546e-09	1.34194695534e-06
2.16036048917e-09	4.56770855806e-07
2.16221011287e-09	-4.37258321995e-07
2.16405973658e-09	-9.13444850426e-07
2.16590936029e-09	-8.4660970856e-07
2.16775898399e-09	-4.15938195886e-07
2.1696086077e-09	5.5001738275e-08
2.17145823141e-09	3.06612982115e-07
2.17330785511e-09	2.69791705421e-07
2.17515747882e-09	5.5849924685e-08
2.17700710253e-09	-1.56746573055e-07
2.17885672623e-09	-2.43957941848e-07
2.18070634994e-09	-1.90359699559e-07
2.18255597365e-09	-5.9648205486e-08
2.18440559735e-09	7.64418590649e-08
2.18625522106e-09	1.89269858453e-07
2.18810484476e-09	2.92443012029e-07
2.18995446847e-09	4.07584174411e-07
2.19180409218e-09	5.30369746343e-07
2.19365371588e-09	6.27430708278e-07
2.19550333959e-09	6.5771160962e-07
2.1973529633e-09	5.97699468585e-07
2.199202587e-09	4.54234630354e-07
2.20105221071e-09	2.5892500588e-07
2.20290183442e-09	5.08307591573e-08
2.20475145812e-09	-1.39784077646e-07
2.20660108183e-09	-2.99476965893e-07
2.20845070554e-09	-4.34609809474e-07
2.21030032924e-09	-5.69431435338e-07
2.21214995295e-09	-7.37731596701e-07
2.21399957666e-09	-9.68580167182e-07
2.21584920036e-09	-1.27036543063e-06
2.21769882407e-09	-1.62043372143e-06
2.21954844777e-09	-1.96304085875e-06
2.22139807148e-09	-2.21797392896e-06
2.22324769519e-09	-2.29781448979e-06
2.22509731889e-09	-2.12555704593e-06
2.2269469426e-09	-1.64828406923e-06
2.22879656631e-09	-8.51655642009e-07
2.23064619001e-09	2.28804214686e-07
2.23249581372e-09	1.49588007048e-06
2.23434543743e-09	2.78215259186e-06
2.23619506113e-09	3.85749910947e-06
2.23804468484e-09	4.45963735274e-06
2.23989430855e-09	4.3525625415e-06
2.24174393225e-09	3.40461934911e-06
2.24359355596e-09	1.66436754512e-06
2.24544317967e-09	-5.98587504896e-07
2.24729280337e-09	-2.91334038138e-06
2.24914242708e-09	-4.70447321277e-06
2.25099205079e-09	-5.45039108601e-06
2.25284167449e-09	-4.86043336423e-06
2.2546912982e-09	-3.00842407341e-06
2.2565409219e-09	-3.61963678586e-07
2.25839054561e-09	2.32522120314e-06
2.26024016932e-09	4.24073698468e-06
2.26208979302e-09	4.79265816011e-06
2.26393941673e-09	3.83557880923e-06
2.26578904044e-09	1.74408677367e-06
2.26763866414e-09	-7.10966460815e-07
2.26948828785e-09	-2.6512653335e-06
2.27133791156e-09	-3.43298546568e-06
2.27318753526e-09	-2.89572676593e-06
2.27503715897e-09	-1.40896636935e-06
2.27688678268e-09	3.13108273531e-07
2.27873640638e-09	1.54082246695e-06
2.28058603009e-09	1.85002190278e-06
2.2824356538e-09	1.27850177023e-06
2.2842852775e-09	2.52563090442e-07
2.28613490121e-09	-6.6680277655e-07
2.28798452491e-09	-1.07443102593e-06
2.28983414862e-09	-8.95516762967e-07
2.29168377233e-09	-3.63910416468e-07
2.29353339603e-09	1.60220334777e-07
2.29538301974e-09	4.07429055826e-07
2.29723264345e-09	3.25414006852e-07
2.29908226715e-09	5.67279387909e-08
2.30093189086e-09	-1.88634505349e-07
2.30278151457e-09	-2.70108067468e-07
2.30463113827e-09	-1.76653603745e-07
2.30648076198e-09	7.77608571978e-09
2.30833038569e-09	1.86910298794e-07
2.31018000939e-09	3.15128659167e-07
2.3120296331e-09	4.04365181339e-07
2.31387925681e-09	4.85278391693e-07
2.31572888051e-09	5.64479421428e-07
2.31757850422e-09	6.14373448116e-07
2.31942812792e-09	5.95491968625e-07
2.32127775163e-09	4.86619398998e-07
2.32312737534e-09	3.00455518243e-07
2.32497699904e-09	7.40292307455e-08
2.32682662275e-09	-1.503748841e-07
2.32867624646e-09	-3.44433324528e-07
2.33052587016e-09	-5.02312332173e-07
2.33237549387e-09	-6.38746598725e-07
2.33422511758e-09	-7.8055477104e-07
2.33607474128e-09	-9.57297885407e-07
2.33792436499e-09	-1.18849345654e-06
2.3397739887e-09	-1.46949346913e-06
2.3416236124e-09	-1.76345238856e-06
2.34347323611e-09	-2.00335506406e-06
2.34532285982e-09	-2.10548870427e-06
2.34717248352e-09	-1.98923049766e-06
2.34902210723e-09	-1.59727119353e-06
2.35087173093e-09	-9.11873968334e-07
2.35272135464e-09	3.64610670545e-08
2.35457097835e-09	1.16473472644e-06
2.35642060205e-09	2.335270608e-06
2.35827022576e-09	3.36133473411e-06
2.36011984947e-09	4.02642569952e-06
2.36196947317e-09	4.1202436023e-06
2.36381909688e-09	3.49650724729e-06
2.36566872059e-09	2.13712621644e-06
2.36751834429e-09	2.01491408447e-07
2.369367968e-09	-1.96343927428e-06
2.37121759171e-09	-3.87440798022e-06
2.37306721541e-09	-5.02526381752e-06
2.37491683912e-09	-5.03855483203e-06
2.37676646283e-09	-3.8097655306e-06
2.37861608653e-09	-1.58830721375e-06
2.38046571024e-09	1.0511605808e-06
2.38231533395e-09	3.35701065524e-06
2.38416495765e-09	4.63494370706e-06
2.38601458136e-09	4.49159006166e-06
2.38786420506e-09	2.9943605e-06
2.38971382877e-09	6.71558737508e-07
2.39156345248e-09	-1.66385913758e-06
2.39341307618e-09	-3.21349915566e-06
2.39526269989e-09	-3.49802093069e-06
2.3971123236e-09	-2.53898690517e-06
2.3989619473e-09	-8.3534597195e-07
2.40081157101e-09	8.63777302129e-07
2.40266119472e-09	1.88732295214e-06
2.40451081842e-09	1.92400901255e-06
2.40636044213e-09	1.12635913752e-06
2.40821006584e-09	-8.48450443236e-09
2.41005968954e-09	-9.096723943e-07
2.41190931325e-09	-1.21289221511e-06
2.41375893696e-09	-9.05675193508e-07
2.41560856066e-09	-2.76416379563e-07
2.41745818437e-09	2.85306072101e-07
2.41930780807e-09	5.1124514755e-07
2.42115743178e-09	3.73878826565e-07
2.42300705549e-09	5.05270580931e-08
2.42485667919e-09	-2.20601780399e-07
2.4267063029e-09	-2.87335161886e-07
2.42855592661e-09	-1.47692492902e-07
2.43040555031e-09	9.09024304718e-08
2.43225517402e-09	3.06564814423e-07
2.43410479773e-09	4.38621789556e-07
2.43595442143e-09	4.99129896525e-07
2.43780404514e-09	5.30511798047e-07
2.43965366885e-09	5.54397431074e-07
2.44150329255e-09	5.5244592545e-07
2.44335291626e-09	4.87090630941e-07
2.44520253997e-09	3.36993352335e-07
2.44705216367e-09	1.17132348265e-07
2.44890178738e-09	-1.30746453664e-07
2.45075141108e-09	-3.6218006727e-07
2.45260103479e-09	-5.51949440819e-07
2.4544506585e-09	-7.01050751672e-07
2.4563002822e-09	-8.3036152887e-07
2.45814990591e-09	-9.69207036405e-07
2.45999952962e-09	-1.14120405215e-06
2.46184915332e-09	-1.35347269747e-06
2.46369877703e-09	-1.58805718797e-06
2.46554840074e-09	-1.79762318453e-06
2.46739802444e-09	-1.90977942793e-06
2.46924764815e-09	-1.84447910101e-06
2.47109727186e-09	-1.53634400135e-06
2.47294689556e-09	-9.55812780035e-07
2.47479651927e-09	-1.2226747792e-07
2.47664614298e-09	8.91881256848e-07
2.47849576668e-09	1.96524092644e-06
2.48034539039e-09	2.93758233738e-06
2.48219501409e-09	3.62550406408e-06
2.4840446378e-09	3.84746704185e-06
2.48589426151e-09	3.46261987261e-06
2.48774388521e-09	2.41952892566e-06
2.48959350892e-09	8.01675057005e-07
2.49144313263e-09	-1.14795199124e-06
2.49329275633e-09	-3.04458922074e-06
2.49514238004e-09	-4.43518217708e-06
2.49699200375e-09	-4.91525372581e-06
2.49884162745e-09	-4.26385099672e-06
2.50069125116e-09	-2.54913879871e-06
2.50254087487e-09	-1.57332793016e-07
2.50439049857e-09	2.28270795333e-06
2.50624012228e-09	4.07268271374e-06
2.50808974599e-09	4.67003599169e-06
2.50993936969e-09	3.88599698908e-06
2.5117889934e-09	1.97745367814e-06
2.51363861711e-09	-4.17602706193e-07
2.51548824081e-09	-2.49385760753e-06
2.51733786452e-09	-3.57055233735e-06
2.51918748822e-09	-3.34841905669e-06
2.52103711193e-09	-2.02168598662e-06
2.52288673564e-09	-1.90826451529e-07
2.52473635934e-09	1.39436536983e-06
2.52658598305e-09	2.14986863512e-06
2.52843560676e-09	1.89267035466e-06
2.53028523046e-09	8.87296010887e-07
2.53213485417e-09	-3.13682065212e-07
2.53398447788e-09	-1.14998229606e-06
2.53583410158e-09	-1.31547488991e-06
2.53768372529e-09	-8.69029577188e-07
2.539533349e-09	-1.52080549043e-07
2.5413829727e-09	4.26983469026e-07
2.54323259641e-09	6.13395243931e-07
2.54508222012e-09	4.12167352692e-07
2.54693184382e-09	3.61103498214e-08
2.54878146753e-09	-2.51620946301e-07
2.55063109123e-09	-2.94281647939e-07
2.55248071494e-09	-1.04286566938e-07
2.55433033865e-09	1.8523187606e-07
2.55617996235e-09	4.27763986011e-07
2.55802958606e-09	5.49577507059e-07
2.55987920977e-09	5.66278259839e-07
2.56172883347e-09	5.35497690635e-07
2.56357845718e-09	4.96305062825e-07
2.56542808089e-09	4.41526061934e-07
2.56727770459e-09	3.35966255705e-07
2.5691273283e-09	1.55954385406e-07
2.57097695201e-09	-8.53728323591e-08
2.57282657571e-09	-3.44049517764e-07
2.57467619942e-09	-5.73603344378e-07
2.57652582313e-09	-7.50899772584e-07
2.57837544683e-09	-8.83072232227e-07
2.58022507054e-09	-9.96611134951e-07
2.58207469424e-09	-1.12086456738e-06
2.58392431795e-09	-1.27241591485e-06
2.58577394166e-09	-1.44659583157e-06
2.58762356536e-09	-1.61277668553e-06
2.58947318907e-09	-1.71588749254e-06
2.59132281278e-09	-1.68578947068e-06
2.59317243648e-09	-1.45396379025e-06
2.59502206019e-09	-9.76425297949e-07
2.5968716839e-09	-2.54798926846e-07
2.5987213076e-09	6.54748092188e-07
2.60057093131e-09	1.64499189736e-06
2.60242055502e-09	2.57037953588e-06
2.60427017872e-09	3.26623751334e-06
2.60611980243e-09	3.57190276645e-06
2.60796942614e-09	3.35897550485e-06
2.60981904984e-09	2.56454586633e-06
2.61166867355e-09	1.22713703377e-06
2.61351829725e-09	-4.87066913024e-07
2.61536792096e-09	-2.28320328688e-06
2.61721754467e-09	-3.77827325337e-06
2.61906716837e-09	-4.58378042367e-06
2.62091679208e-09	-4.41801341822e-06
2.62276641579e-09	-3.21590272279e-06
2.62461603949e-09	-1.19269350307e-06
2.6264656632e-09	1.17325703286e-06
2.62831528691e-09	3.24978913113e-06
2.63016491061e-09	4.43557621566e-06
2.63201453432e-09	4.36063362486e-06
2.63386415803e-09	3.03266688206e-06
2.63571378173e-09	8.64531472189e-07
2.63756340544e-09	-1.44411799852e-06
2.63941302915e-09	-3.14201776064e-06
2.64126265285e-09	-3.69597717054e-06
2.64311227656e-09	-2.99164383932e-06
2.64496190027e-09	-1.37657434607e-06
2.64681152397e-09	4.80830692595e-07
2.64866114768e-09	1.86477248576e-06
2.65051077138e-09	2.30324786799e-06
2.65236039509e-09	1.74898713112e-06
2.6542100188e-09	5.69827321328e-07
2.6560596425e-09	-6.45453539505e-07
2.65790926621e-09	-1.36933704198e-06
2.65975888992e-09	-1.36935824457e-06
2.66160851362e-09	-7.80521077104e-07
2.66345813733e-09	8.07009614689e-09
2.66530776104e-09	5.80556232421e-07
2.66715738474e-09	7.08324137122e-07
2.66900700845e-09	4.36387828984e-07
2.67085663216e-09	1.28298729418e-08
2.67270625586e-09	-2.81140593472e-07
2.67455587957e-09	-2.90988538154e-07
2.67640550328e-09	-4.87858038412e-08
2.67825512698e-09	2.85198183292e-07
2.68010475069e-09	5.41497371387e-07
2.68195437439e-09	6.37960738459e-07
2.6838039981e-09	5.97050913598e-07
2.68565362181e-09	4.94662089068e-07
2.68750324551e-09	3.89200970119e-07
2.68935286922e-09	2.85424370361e-07
2.69120249293e-09	1.49492496604e-07
2.69305211663e-09	-4.69675027759e-08
2.69490174034e-09	-2.95482990964e-07
2.69675136405e-09	-5.53207144094e-07
2.69860098775e-09	-7.72265337901e-07
2.70045061146e-09	-9.29766784452e-07
2.70230023517e-09	-1.03676168806e-06
2.70414985887e-09	-1.12460276114e-06
2.70599948258e-09	-1.22188086493e-06
2.70784910629e-09	-1.33790129553e-06
2.70969872999e-09	-1.45629769577e-06
2.7115483537e-09	-1.53668941039e-06
2.7133979774e-09	-1.52120921371e-06
2.71524760111e-09	-1.34702520427e-06
2.71709722482e-09	-9.63802278875e-07
2.71894684852e-09	-3.54687081483e-07
2.72079647223e-09	4.47761223654e-07
2.72264609594e-09	1.35621078812e-06
2.72449571964e-09	2.23841868774e-06
2.72634534335e-09	2.93961232956e-06
2.72819496706e-09	3.30887394284e-06
2.73004459076e-09	3.22489216842e-06
2.73189421447e-09	2.62255815642e-06
2.73374383818e-09	1.51759252276e-06
2.73559346188e-09	2.66286788175e-08
2.73744308559e-09	-1.62642021451e-06
2.7392927093e-09	-3.12898652055e-06
2.741142333e-09	-4.13334623772e-06
2.74299195671e-09	-4.34183039033e-06
2.74484158041e-09	-3.60484006023e-06
2.74669120412e-09	-1.99963301384e-06
2.74854082783e-09	1.45809213592e-07
2.75039045153e-09	2.30664858236e-06
2.75224007524e-09	3.89503520637e-06
2.75408969895e-09	4.43855299181e-06
2.75593932265e-09	3.74723674668e-06
2.75778894636e-09	2.00536265993e-06
2.75963857007e-09	-2.59413191372e-07
2.76148819377e-09	-2.33513981129e-06
2.76333781748e-09	-3.56445661964e-06
2.76518744119e-09	-3.58159462621e-06
2.76703706489e-09	-2.45125568199e-06
2.7688866886e-09	-6.46892416967e-07
2.77073631231e-09	1.13243342525e-06
2.77258593601e-09	2.23836292434e-06
2.77443555972e-09	2.32939572697e-06
2.77628518343e-09	1.49447271269e-06
2.77813480713e-09	1.89775455794e-07
2.77998443084e-09	-9.8254133718e-07
2.78183405454e-09	-1.54898077653e-06
2.78368367825e-09	-1.36327855671e-06
2.78553330196e-09	-6.37796063074e-07
2.78738292566e-09	1.9957980868e-07
2.78923254937e-09	7.39282313589e-07
2.79108217308e-09	7.90127344885e-07
2.79293179678e-09	4.42869186656e-07
2.79478142049e-09	-2.08123233092e-08
2.7966310442e-09	-3.08921372039e-07
2.7984806679e-09	-2.78217889615e-07
2.80033029161e-09	1.51219721189e-08
2.80217991532e-09	3.83702001727e-07
2.80402953902e-09	6.39037082806e-07
2.80587916273e-09	6.94604011642e-07
2.80772878644e-09	5.84576042684e-07
2.80957841014e-09	4.05537413428e-07
2.81142803385e-09	2.35851189245e-07
2.81327765755e-09	9.11448161389e-08
2.81512728126e-09	-6.19603177654e-08
2.81697690497e-09	-2.59577909389e-07
2.81882652867e-09	-5.00693005279e-07
2.82067615238e-09	-7.45726680407e-07
2.82252577609e-09	-9.45792677953e-07
2.82437539979e-09	-1.07698073748e-06
2.8262250235e-09	-1.15157311598e-06
2.82807464721e-09	-1.20361806921e-06
2.82992427091e-09	-1.26149376456e-06
2.83177389462e-09	-1.32824663979e-06
2.83362351833e-09	-1.37756899221e-06
2.83547314203e-09	-1.36192321065e-06
2.83732276574e-09	-1.22553558413e-06
2.83917238945e-09	-9.18428156638e-07
2.84102201315e-09	-4.13072733352e-07
2.84287163686e-09	2.79022266625e-07
2.84472126056e-09	1.0961111343e-06
2.84657088427e-09	1.92761140738e-06
2.84842050798e-09	2.62993791011e-06
2.85027013168e-09	3.05443592197e-06
2.85211975539e-09	3.07818061174e-06
2.8539693791e-09	2.63123746436e-06
2.8558190028e-09	1.71608030541e-06
2.85766862651e-09	4.1966616493e-07
2.85951825022e-09	-1.08185369641e-06
2.86136787392e-09	-2.53417863405e-06
2.86321749763e-09	-3.63876984011e-06
2.86506712134e-09	-4.11148641888e-06
2.86691674504e-09	-3.76113507627e-06
2.86876636875e-09	-2.56690270817e-06
2.87061599246e-09	-7.25418601633e-07
2.87246561616e-09	1.36115673399e-06
2.87431523987e-09	3.16794256605e-06
2.87616486357e-09	4.18969420934e-06
2.87801448728e-09	4.10275470131e-06
2.87986411099e-09	2.89210902338e-06
2.88171373469e-09	8.88565551804e-07
2.8835633584e-09	-1.31163264427e-06
2.88541298211e-09	-3.02984830114e-06
2.88726260581e-09	-3.73525296027e-06
2.88911222952e-09	-3.2379459185e-06
2.89096185323e-09	-1.76526742734e-06
2.89281147693e-09	1.17193295068e-07
2.89466110064e-09	1.71752122924e-06
2.89651072435e-09	2.48471576469e-06
2.89836034805e-09	2.21947021828e-06
2.90020997176e-09	1.13956792802e-06
2.90205959547e-09	-2.30987176053e-07
2.90390921917e-09	-1.30121199504e-06
2.90575884288e-09	-1.67102771798e-06
2.90760846659e-09	-1.28927089804e-06
2.90945809029e-09	-4.42185353222e-07
2.911307714e-09	4.15347408023e-07
2.9131573377e-09	8.94459645906e-07
2.91500696141e-09	8.5207646805e-07
2.91685658512e-09	4.28360941385e-07
2.91870620882e-09	-6.57559668937e-08
2.92055583253e-09	-3.35792897488e-07
2.92240545624e-09	-2.57767759138e-07
2.92425507994e-09	8.3066371559e-08
2.92610470365e-09	4.73512770327e-07
2.92795432736e-09	7.11528102215e-07
2.92980395106e-09	7.12244201395e-07
2.93165357477e-09	5.25048889699e-07
2.93350319848e-09	2.69076778636e-07
2.93535282218e-09	4.21390602412e-08
2.93720244589e-09	-1.30716543367e-07
2.9390520696e-09	-2.85735794137e-07
2.9409016933e-09	-4.6851540958e-07
2.94275131701e-09	-6.88047563813e-07
2.94460094071e-09	-9.09466606913e-07
2.94645056442e-09	-1.08329069803e-06
2.94830018813e-09	-1.18237414881e-06
2.95014981183e-09	-1.21827281419e-06
2.95199943554e-09	-1.22579405115e-06
2.95384905925e-09	-1.2332524193e-06
2.95569868295e-09	-1.23956749576e-06
2.95754830666e-09	-1.21189179936e-06
2.95939793037e-09	-1.09874278564e-06
2.96124755407e-09	-8.49940462899e-07
2.96309717778e-09	-4.32644597481e-07
2.96494680149e-09	1.5516986096e-07
2.96679642519e-09	8.74430057252e-07
2.9686460489e-09	1.64001238545e-06
2.97049567261e-09	2.32790404198e-06
2.97234529631e-09	2.79651504798e-06
2.97419492002e-09	2.91775381811e-06
2.97604454372e-09	2.60878334757e-06
2.97789416743e-09	1.85600541158e-06
2.97974379114e-09	7.26220747538e-07
2.98159341484e-09	-6.34471973626e-07
2.98344303855e-09	-2.0127646394e-06
2.98529266226e-09	-3.1529287412e-06
2.98714228596e-09	-3.79737718958e-06
2.98899190967e-09	-3.74500564249e-06
2.99084153338e-09	-2.91650491135e-06
2.99269115708e-09	-1.40671957638e-06
2.99454078079e-09	4.99113710362e-07
2.9963904045e-09	2.36562038936e-06
2.9982400282e-09	3.70851751086e-06
3.00008965191e-09	4.1338715846e-06
3.00193927562e-09	3.47479118545e-06
3.00378889932e-09	1.87356806691e-06
3.00563852303e-09	-2.30242626742e-07
3.00748814673e-09	-2.21757011332e-06
3.00933777044e-09	-3.48420536511e-06
3.01118739415e-09	-3.64838706446e-06
3.01303701785e-09	-2.69300517175e-06
3.01488664156e-09	-9.82681115147e-07
3.01673626527e-09	8.62199740936e-07
3.01858588897e-09	2.19413539071e-06
3.02043551268e-09	2.58269091091e-06
3.02228513639e-09	1.97476038011e-06
3.02413476009e-09	7.0299284971e-07
3.0259843838e-09	-6.65766705765e-07
3.02783400751e-09	-1.57705872539e-06
3.02968363121e-09	-1.72029720602e-06
3.03153325492e-09	-1.14342100233e-06
3.03338287863e-09	-1.99062519357e-07
3.03523250233e-09	6.45353281925e-07
3.03708212604e-09	1.03607328583e-06
3.03893174975e-09	8.87438957875e-07
3.04078137345e-09	3.89693006753e-07
3.04263099716e-09	-1.22746728337e-07
3.04448062086e-09	-3.62378102636e-07
3.04633024457e-09	-2.32386710763e-07
3.04817986828e-09	1.49787570791e-07
3.05002949198e-09	5.47802883943e-07
3.05187911569e-09	7.51852482495e-07
3.0537287394e-09	6.85542303813e-07
3.0555783631e-09	4.17781507167e-07
3.05742798681e-09	8.99888803474e-08
3.05927761052e-09	-1.8236897148e-07
3.06112723422e-09	-3.67645043298e-07
3.06297685793e-09	-5.07416473283e-07
3.06482648164e-09	-6.59835862393e-07
3.06667610534e-09	-8.45169623176e-07
3.06852572905e-09	-1.03397877638e-06
3.07037535276e-09	-1.17540037081e-06
3.07222497646e-09	-1.2381758836e-06
3.07407460017e-09	-1.23041789379e-06
3.07592422387e-09	-1.18651007597e-06
3.07777384758e-09	-1.1352649949e-06
3.07962347129e-09	-1.0743900134e-06
3.08147309499e-09	-9.67842368027e-07
3.0833227187e-09	-7.64464445524e-07
3.08517234241e-09	-4.22285630464e-07
3.08702196611e-09	7.2682636798e-08
3.08887158982e-09	6.96746411677e-07
3.09072121353e-09	1.38600231026e-06
3.09257083723e-09	2.03953692335e-06
3.09442046094e-09	2.53143491591e-06
3.09627008465e-09	2.73489666824e-06
3.09811970835e-09	2.5538402042e-06
3.09996933206e-09	1.95288663463e-06
3.10181895577e-09	9.74701379164e-07
3.10366857947e-09	-2.5862438946e-07
3.10551820318e-09	-1.55988439587e-06
3.10736782688e-09	-2.7021102369e-06
3.10921745059e-09	-3.45332671259e-06
3.1110670743e-09	-3.61910252877e-06
3.112916698e-09	-3.09203250026e-06
3.11476632171e-09	-1.89895729363e-06
3.11661594542e-09	-2.28874004193e-07
3.11846556912e-09	1.57827128078e-06
3.12031519283e-09	3.09402219045e-06
3.12216481654e-09	3.90819400309e-06
3.12401444024e-09	3.75571903533e-06
3.12586406395e-09	2.62138490825e-06
3.12771368766e-09	7.78362291953e-07
3.12956331136e-09	-1.26687027091e-06
3.13141293507e-09	-2.91672756703e-06
3.13326255878e-09	-3.67426315506e-06
3.13511218248e-09	-3.31752926286e-06
3.13696180619e-09	-1.98946588625e-06
3.13881142989e-09	-1.59842688419e-07
3.1406610536e-09	1.53613814291e-06
3.14251067731e-09	2.52807751622e-06
3.14436030101e-09	2.52199259876e-06
3.14620992472e-09	1.607246503e-06
3.14805954843e-09	2.10779106169e-07
3.14990917213e-09	-1.08543142119e-06
3.15175879584e-09	-1.78692764052e-06
3.15360841955e-09	-1.68549220803e-06
3.15545804325e-09	-9.26893974906e-07
3.15730766696e-09	8.20182695094e-08
3.15915729067e-09	8.77106003827e-07
3.16100691437e-09	1.15342794516e-06
3.16285653808e-09	8.89651232683e-07
3.16470616179e-09	3.24548715014e-07
3.16655578549e-09	-1.92077461492e-07
3.1684054092e-09	-3.8945038483e-07
3.17025503291e-09	-2.05030406875e-07
3.17210465661e-09	2.10109760701e-07
3.17395428032e-09	6.00138392315e-07
3.17580390402e-09	7.54774546863e-07
3.17765352773e-09	6.12583704651e-07
3.17950315144e-09	2.65268091937e-07
3.18135277514e-09	-1.23863950208e-07
3.18320239885e-09	-4.25251954539e-07
3.18505202256e-09	-6.04860602493e-07
3.18690164626e-09	-7.12532198577e-07
3.18875126997e-09	-8.20247109345e-07
3.19060089368e-09	-9.61045060421e-07
3.19245051738e-09	-1.11065651254e-06
3.19430014109e-09	-1.21586165847e-06
3.1961497648e-09	-1.23935816987e-06
3.1979993885e-09	-1.18482500966e-06
3.19984901221e-09	-1.08523124709e-06
3.20169863592e-09	-9.7086078199e-07
3.20354825962e-09	-8.40946768221e-07
3.20539788333e-09	-6.6076522387e-07
3.20724750703e-09	-3.82561594847e-07
3.20909713074e-09	2.55090173429e-08
3.21094675445e-09	5.58653169946e-07
3.21279637815e-09	1.17000274713e-06
3.21464600186e-09	1.77614063546e-06
3.21649562557e-09	2.268349931e-06
3.21834524927e-09	2.52998768246e-06
3.22019487298e-09	2.460630526e-06
3.22204449669e-09	2.00447914267e-06
3.22389412039e-09	1.17546460388e-06
3.2257437441e-09	6.70906654676e-08
3.22759336781e-09	-1.15681478974e-06
3.22944299151e-09	-2.28819692438e-06
3.23129261522e-09	-3.10989389618e-06
3.23314223893e-09	-3.43488414956e-06
3.23499186263e-09	-3.14540164936e-06
3.23684148634e-09	-2.22936421324e-06
3.23869111004e-09	-8.06540484177e-07
3.24054073375e-09	8.67768576995e-07
3.24239035746e-09	2.43508327458e-06
3.24423998116e-09	3.50810643113e-06
3.24608960487e-09	3.7752499793e-06
3.24793922858e-09	3.10671379111e-06
3.24978885228e-09	1.62342323051e-06
3.25163847599e-09	-3.05143359469e-07
3.2534880997e-09	-2.14766657791e-06
3.2553377234e-09	-3.3670228845e-06
3.25718734711e-09	-3.59668121064e-06
3.25903697082e-09	-2.77480586419e-06
3.26088659452e-09	-1.1815818084e-06
3.26273621823e-09	6.44793985316e-07
3.26458584194e-09	2.09251743399e-06
3.26643546564e-09	2.69547479093e-06
3.26828508935e-09	2.304425891e-06
3.27013471305e-09	1.13881958441e-06
3.27198433676e-09	-3.0580127941e-07
3.27383396047e-09	-1.46017268321e-06
3.27568358417e-09	-1.91117567283e-06
3.27753320788e-09	-1.5608111994e-06
3.27938283159e-09	-6.45928153631e-07
3.28123245529e-09	3.87582176131e-07
3.283082079e-09	1.09606921228e-06
3.28493170271e-09	1.23578135458e-06
3.28678132641e-09	8.53290885061e-07
3.28863095012e-09	2.31545058682e-07
3.29048057383e-09	-2.73437734677e-07
3.29233019753e-09	-4.17541436093e-07
3.29417982124e-09	-1.78551470498e-07
3.29602944495e-09	2.59134338876e-07
3.29787906865e-09	6.25579218649e-07
3.29972869236e-09	7.17419368357e-07
3.30157831607e-09	4.94492482517e-07
3.30342793977e-09	7.36972749493e-08
3.30527756348e-09	-3.61612826794e-07
3.30712718718e-09	-6.72412909353e-07
3.30897681089e-09	-8.26962704537e-07
3.3108264346e-09	-8.86573516823e-07
3.3126760583e-09	-9.38266410344e-07
3.31452568201e-09	-1.02722196971e-06
3.31637530572e-09	-1.13366925802e-06
3.31822492942e-09	-1.20110252055e-06
3.32007455313e-09	-1.18472641475e-06
3.32192417684e-09	-1.08217901129e-06
3.32377380054e-09	-9.25630374127e-07
3.32562342425e-09	-7.48119617811e-07
3.32747304796e-09	-5.53312972329e-07
3.32932267166e-09	-3.11164669142e-07
3.33117229537e-09	1.94651559315e-08
3.33302191908e-09	4.59744846637e-07
3.33487154278e-09	9.88342492292e-07
3.33672116649e-09	1.53989847718e-06
3.33857079019e-09	2.01798610533e-06
3.3404204139e-09	2.31491378599e-06
3.34227003761e-09	2.33295179441e-06
3.34411966131e-09	2.00631762937e-06
3.34596928502e-09	1.32429346422e-06
3.34781890873e-09	3.47672553858e-07
3.34966853243e-09	-7.89689622138e-07
3.35151815614e-09	-1.89922218397e-06
3.35336777985e-09	-2.77237438695e-06
3.35521740355e-09	-3.22255908713e-06
3.35706702726e-09	-3.12320895546e-06
3.35891665097e-09	-2.439023433e-06
3.36076627467e-09	-1.24582879835e-06
3.36261589838e-09	2.63905675979e-07
3.36446552209e-09	1.79882138696e-06
3.36631514579e-09	3.01575244066e-06
3.3681647695e-09	3.59726038823e-06
3.3700143932e-09	3.3442981362e-06
3.37186401691e-09	2.25691070455e-06
3.37371364062e-09	5.67925823702e-07
3.37556326432e-09	-1.29408252292e-06
3.37741288803e-09	-2.81431448457e-06
3.37926251174e-09	-3.54738648412e-06
3.38111213544e-09	-3.26904699932e-06
3.38296175915e-09	-2.06724052987e-06
3.38481138286e-09	-3.30172071017e-07
3.38666100656e-09	1.37475990414e-06
3.38851063027e-09	2.49396663321e-06
3.39036025398e-09	2.68536206249e-06
3.39220987768e-09	1.94362579009e-06
3.39405950139e-09	5.99346705599e-07
3.3959091251e-09	-8.12084053337e-07
3.3977587488e-09	-1.76204187596e-06
3.39960837251e-09	-1.93559981199e-06
3.40145799622e-09	-1.34658577622e-06
3.40330761992e-09	-3.12100063127e-07
3.40515724363e-09	7.00909296825e-07
3.40700686733e-09	1.28687483425e-06
3.40885649104e-09	1.27299870201e-06
3.41070611475e-09	7.74307665097e-07
3.41255573845e-09	1.10941600795e-07
3.41440536216e-09	-3.65578479489e-07
3.41625498587e-09	-4.46949520949e-07
3.41810460957e-09	-1.5535507103e-07
3.41995423328e-09	2.93050732125e-07
3.42180385699e-09	6.20806716256e-07
3.42365348069e-09	6.3954824725e-07
3.4255031044e-09	3.35679906982e-07
3.42735272811e-09	-1.47678811402e-07
3.42920235181e-09	-6.10103199961e-07
3.43105197552e-09	-9.08597101557e-07
3.43290159923e-09	-1.01892200632e-06
3.43475122293e-09	-1.01677068187e-06
3.43660084664e-09	-1.00457296526e-06
3.43845047034e-09	-1.03817981767e-06
3.44030009405e-09	-1.10084195626e-06
3.44214971776e-09	-1.13115987688e-06
3.44399934146e-09	-1.07622142309e-06
3.44584896517e-09	-9.27298145825e-07
3.44769858888e-09	-7.15820149821e-07
3.44954821258e-09	-4.79552127786e-07
3.45139783629e-09	-2.29637219462e-07
3.45324746e-09	5.65222153526e-08
3.4550970837e-09	4.12200670041e-07
3.45694670741e-09	8.48045146995e-07
3.45879633112e-09	1.3299946886e-06
3.46064595482e-09	1.78039186949e-06
3.46249557853e-09	2.09772412063e-06
3.46434520224e-09	2.18313965661e-06
3.46619482594e-09	1.96518323037e-06
3.46804444965e-09	1.41797420383e-06
3.46989407335e-09	5.75983733597e-07
3.47174369706e-09	-4.59553099574e-07
3.47359332077e-09	-1.52786549279e-06
3.47544294447e-09	-2.43398727662e-06
3.47729256818e-09	-2.98892183537e-06
3.47914219189e-09	-3.05221499275e-06
3.48099181559e-09	-2.56664407061e-06
3.4828414393e-09	-1.57718767468e-06
3.48469106301e-09	-2.33572695407e-07
3.48654068671e-09	1.2243064873e-06
3.48839031042e-09	2.49941945185e-06
3.49023993413e-09	3.29327156123e-06
3.49208955783e-09	3.37795108862e-06
3.49393918154e-09	2.67119168029e-06
3.49578880525e-09	1.28787124254e-06
3.49763842895e-09	-4.58153643024e-07
3.49948805266e-09	-2.11788972138e-06
3.50133767636e-09	-3.2283524547e-06
3.50318730007e-09	-3.45814260072e-06
3.50503692378e-09	-2.72720973271e-06
3.50688654748e-09	-1.25328335798e-06
3.50873617119e-09	5.02316964912e-07
3.5105857949e-09	1.98044961053e-06
3.5124354186e-09	2.71513039252e-06
3.51428504231e-09	2.49996713819e-06
3.51613466602e-09	1.46431207781e-06
3.51798428972e-09	2.48760425592e-08
3.51983391343e-09	-1.27331887256e-06
3.52168353714e-09	-1.96735288682e-06
3.52353316084e-09	-1.85231453997e-06
3.52538278455e-09	-1.05001993234e-06
3.52723240826e-09	5.78611620838e-08
3.52908203196e-09	1.00323421748e-06
3.53093165567e-09	1.4342545569e-06
3.53278127938e-09	1.25646508309e-06
3.53463090308e-09	6.50764008014e-07
3.53648052679e-09	-3.52800317849e-08
3.53833015049e-09	-4.66192268789e-07
3.5401797742e-09	-4.77150813083e-07
3.54202939791e-09	-1.37313060478e-07
3.54387902161e-09	3.0916696403e-07
3.54572864532e-09	5.84811459703e-07
3.54757826903e-09	5.23703462818e-07
3.54942789273e-09	1.43365173955e-07
3.55127751644e-09	-3.87012562442e-07
3.55312714015e-09	-8.54650153315e-07
3.55497676385e-09	-1.11863954544e-06
3.55682638756e-09	-1.1671468485e-06
3.55867601127e-09	-1.09287225314e-06
3.56052563497e-09	-1.01303032807e-06
3.56237525868e-09	-9.91980272147e-07
3.56422488239e-09	-1.01338827108e-06
3.56607450609e-09	-1.0097970744e-06
3.5679241298e-09	-9.19648897479e-07
3.5697737535e-09	-7.28371162495e-07
3.57162337721e-09	-4.67610909993e-07
3.57347300092e-09	-1.81647873632e-07
3.57532262462e-09	1.08835093826e-07
3.57717224833e-09	4.16624217792e-07
3.57902187204e-09	7.66723843526e-07
3.58087149574e-09	1.16171645459e-06
3.58272111945e-09	1.55951269676e-06
3.58457074316e-09	1.87686359254e-06
3.58642036686e-09	2.01501114816e-06
3.58826999057e-09	1.89124892813e-06
3.59011961428e-09	1.46461442796e-06
3.59196923798e-09	7.50331551558e-07
3.59381886169e-09	-1.75624069954e-07
3.5956684854e-09	-1.18112615155e-06
3.5975181091e-09	-2.09376713656e-06
3.59936773281e-09	-2.73038853038e-06
3.60121735651e-09	-2.9380675528e-06
3.60306698022e-09	-2.63362505848e-06
3.60491660393e-09	-1.83051238878e-06
3.60676622763e-09	-6.44704527986e-07
3.60861585134e-09	7.19897656154e-07
3.61046547505e-09	2.00218249802e-06
3.61231509875e-09	2.92834698712e-06
3.61416472246e-09	3.26714848597e-06
3.61601434617e-09	2.89079190452e-06
3.61786396987e-09	1.82766609669e-06
3.61971359358e-09	2.85298153102e-07
3.62156321729e-09	-1.3756781243e-06
3.62341284099e-09	-2.72253151934e-06
3.6252624647e-09	-3.37284137686e-06
3.62711208841e-09	-3.12082437404e-06
3.62896171211e-09	-2.02191762355e-06
3.63081133582e-09	-3.96950518677e-07
3.63266095952e-09	1.25638533177e-06
3.63451058323e-09	2.4225403763e-06
3.63636020694e-09	2.74486893659e-06
3.63820983064e-09	2.15481333043e-06
3.64005945435e-09	8.99982879332e-07
3.64190907806e-09	-5.45280741449e-07
3.64375870176e-09	-1.65698244814e-06
3.64560832547e-09	-2.05878683346e-06
3.64745794918e-09	-1.66123223266e-06
3.64930757288e-09	-6.84756699343e-07
3.65115719659e-09	4.43368357139e-07
3.6530068203e-09	1.27442098119e-06
3.654856444e-09	1.52425937472e-06
3.65670606771e-09	1.18027003282e-06
3.65855569142e-09	4.83207912794e-07
3.66040531512e-09	-2.03500739815e-07
3.66225493883e-09	-5.71551382222e-07
3.66410456254e-09	-5.06893059082e-07
3.66595418624e-09	-1.25434135967e-07
3.66780380995e-09	3.06316529475e-07
3.66965343365e-09	5.18723467735e-07
3.67150305736e-09	3.75075074999e-07
3.67335268107e-09	-7.25421180903e-08
3.67520230477e-09	-6.30881615393e-07
3.67705192848e-09	-1.08023192524e-06
3.67890155219e-09	-1.28823512568e-06
3.68075117589e-09	-1.26050829863e-06
3.6826007996e-09	-1.10799183517e-06
3.68445042331e-09	-9.61266636068e-07
3.68630004701e-09	-8.90253986086e-07
3.68814967072e-09	-8.76275692008e-07
3.68999929443e-09	-8.44155522373e-07
3.69184891813e-09	-7.24139226804e-07
3.69369854184e-09	-4.96884709378e-07
3.69554816555e-09	-1.95776806322e-07
3.69739778925e-09	1.26925673527e-07
3.69924741296e-09	4.39312898948e-07
3.70109703666e-09	7.43720832475e-07
3.70294666037e-09	1.05746369172e-06
3.70479628408e-09	1.37836892122e-06
3.70664590778e-09	1.66193362361e-06
3.70849553149e-09	1.82665360171e-06
3.7103451552e-09	1.78311114496e-06
3.7121947789e-09	1.46969205161e-06
3.71404440261e-09	8.78087149658e-07
3.71589402632e-09	6.19206366181e-08
3.71774365002e-09	-8.68922413133e-07
3.71959327373e-09	-1.76307986521e-06
3.72144289744e-09	-2.45162442525e-06
3.72329252114e-09	-2.77952671013e-06
3.72514214485e-09	-2.64253810656e-06
3.72699176856e-09	-2.01982163617e-06
3.72884139226e-09	-9.90373507648e-07
3.73069101597e-09	2.73978926657e-07
3.73254063967e-09	1.53798569613e-06
3.73439026338e-09	2.54567476077e-06
3.73623988709e-09	3.06990449417e-06
3.73808951079e-09	2.96183503679e-06
3.7399391345e-09	2.19523178657e-06
3.74178875821e-09	8.94631554615e-07
3.74363838191e-09	-6.67861797865e-07
3.74548800562e-09	-2.11902255387e-06
3.74733762933e-09	-3.074536437e-06
3.74918725303e-09	-3.25264733192e-06
3.75103687674e-09	-2.57491836919e-06
3.75288650045e-09	-1.21442681689e-06
3.75473612415e-09	4.36731319553e-07
3.75658574786e-09	1.88076708696e-06
3.75843537157e-09	2.67511455831e-06
3.76028499527e-09	2.58630285543e-06
3.76213461898e-09	1.67732602563e-06
3.76398424268e-09	2.90901176925e-07
3.76583386639e-09	-1.07196839849e-06
3.7676834901e-09	-1.93576926222e-06
3.7695331138e-09	-2.02667206395e-06
3.77138273751e-09	-1.37021433488e-06
3.77323236122e-09	-2.70595784002e-07
3.77508198492e-09	8.21141611596e-07
3.77693160863e-09	1.4948568321e-06
3.77878123234e-09	1.54528240159e-06
3.78063085604e-09	1.04163220271e-06
3.78248047975e-09	2.75146923912e-07
3.78433010346e-09	-3.87876660568e-07
3.78617972716e-09	-6.77118976e-07
3.78802935087e-09	-5.34097054583e-07
3.78987897458e-09	-1.1949344092e-07
3.79172859828e-09	2.84847338605e-07
3.79357822199e-09	4.25574640417e-07
3.7954278457e-09	2.01321533666e-07
3.7972774694e-09	-3.0030317788e-07
3.79912709311e-09	-8.65050651555e-07
3.80097671681e-09	-1.27241366954e-06
3.80282634052e-09	-1.40530363524e-06
3.80467596423e-09	-1.29099501578e-06
3.80652558793e-09	-1.05906391923e-06
3.80837521164e-09	-8.50982473821e-07
3.81022483535e-09	-7.38525258726e-07
3.81207445905e-09	-6.97590039067e-07
3.81392408276e-09	-6.44456605414e-07
3.81577370647e-09	-5.01612049675e-07
3.81762333017e-09	-2.46727505981e-07
3.81947295388e-09	8.30903523763e-08
3.82132257759e-09	4.26345188487e-07
3.82317220129e-09	7.39568562835e-07
3.825021825e-09	1.01488220139e-06
3.82687144871e-09	1.26387232058e-06
3.82872107241e-09	1.48357011653e-06
3.83057069612e-09	1.63300546774e-06
3.83242031982e-09	1.63886215887e-06
3.83426994353e-09	1.42667141745e-06
3.83611956724e-09	9.58498773684e-07
3.83796919094e-09	2.5733959319e-07
3.83981881465e-09	-5.90464466654e-07
3.84166843836e-09	-1.4506768764e-06
3.84351806206e-09	-2.16607941184e-06
3.84536768577e-09	-2.58537033915e-06
3.84721730948e-09	-2.59393863189e-06
3.84906693318e-09	-2.14398704657e-06
3.85091655689e-09	-1.27642593384e-06
3.8527661806e-09	-1.25139282048e-07
3.8546158043e-09	1.10162088163e-06
3.85646542801e-09	2.16108071527e-06
3.85831505172e-09	2.82599449974e-06
3.86016467542e-09	2.93332379897e-06
3.86201429913e-09	2.42324881583e-06
3.86386392283e-09	1.36371187409e-06
3.86571354654e-09	-4.54222015556e-08
3.86756317025e-09	-1.49787297232e-06
3.86941279395e-09	-2.64042091658e-06
3.87126241766e-09	-3.16241067821e-06
3.87311204137e-09	-2.89321531e-06
3.87496166507e-09	-1.87395545481e-06
3.87681128878e-09	-3.70924858828e-07
3.87866091249e-09	1.18709476737e-06
3.88051053619e-09	2.33562565199e-06
3.8823601599e-09	2.72747553254e-06
3.88420978361e-09	2.25683817234e-06
3.88605940731e-09	1.10433757072e-06
3.88790903102e-09	-3.19683657324e-07
3.88975865473e-09	-1.51865916109e-06
3.89160827843e-09	-2.08971465554e-06
3.89345790214e-09	-1.87053854006e-06
3.89530752584e-09	-9.94820709366e-07
3.89715714955e-09	1.6823743465e-07
3.89900677326e-09	1.1664934334e-06
3.90085639696e-09	1.64669160085e-06
3.90270602067e-09	1.48947924572e-06
3.90455564438e-09	8.41585091393e-07
3.90640526808e-09	3.29665019727e-08
3.90825489179e-09	-5.80664007543e-07
3.9101045155e-09	-7.77186343726e-07
3.9119541392e-09	-5.56068130209e-07
3.91380376291e-09	-1.18436505048e-07
3.91565338662e-09	2.46741240773e-07
3.91750301032e-09	3.10478291965e-07
3.91935263403e-09	1.15863783012e-08
3.92120225774e-09	-5.27118501736e-07
3.92305188144e-09	-1.07526048509e-06
3.92490150515e-09	-1.418466411e-06
3.92675112886e-09	-1.46087037933e-06
3.92860075256e-09	-1.25442113585e-06
3.93045037627e-09	-9.47152841491e-07
3.93229999997e-09	-6.87848725534e-07
3.93414962368e-09	-5.45698910059e-07
3.93599924739e-09	-4.88438246293e-07
3.93784887109e-09	-4.23168039276e-07
3.9396984948e-09	-2.65806242794e-07
3.94154811851e-09	6.65647509335e-09
3.94339774221e-09	3.51622894357e-07
3.94524736592e-09	6.97506223446e-07
3.94709698963e-09	9.89521652173e-07
3.94894661333e-09	1.21147667187e-06
3.95079623704e-09	1.37214465212e-06
3.95264586075e-09	1.47193395605e-06
3.95449548445e-09	1.47889531377e-06
3.95634510816e-09	1.33342007302e-06
3.95819473187e-09	9.79511412424e-07
3.96004435557e-09	4.03093956436e-07
3.96189397928e-09	-3.45632088283e-07
3.96374360298e-09	-1.15580482429e-06
3.96559322669e-09	-1.88017924074e-06
3.9674428504e-09	-2.36826684841e-06
3.9692924741e-09	-2.49841980349e-06
3.97114209781e-09	-2.20496201564e-06
3.97299172152e-09	-1.49848602859e-06
3.97484134522e-09	-4.75397321509e-07
3.97669096893e-09	6.89976488388e-07
3.97854059264e-09	1.77411115487e-06
3.98039021634e-09	2.55007381611e-06
3.98223984005e-09	2.83840404336e-06
3.98408946376e-09	2.55030948892e-06
3.98593908746e-09	1.71328309762e-06
3.98778871117e-09	4.74965467845e-07
3.98963833488e-09	-9.14852861911e-07
3.99148795858e-09	-2.14591665326e-06
3.99333758229e-09	-2.91287409482e-06
3.99518720599e-09	-2.99613265042e-06
3.9970368297e-09	-2.33732134802e-06
3.99888645341e-09	-1.08095403561e-06
4.00073607711e-09	4.42926761934e-07
4.00258570082e-09	1.80257353577e-06
4.00443532453e-09	2.59550262172e-06
4.00628494823e-09	2.58425535549e-06
4.00813457194e-09	1.7864290669e-06
4.00998419565e-09	4.79346716986e-07
4.01183381935e-09	-8.88775360863e-07
4.01368344306e-09	-1.85500897487e-06
4.01553306677e-09	-2.10772998344e-06
4.01738269047e-09	-1.59895378715e-06
4.01923231418e-09	-5.57624971975e-07
